 &plot nbnd=  32, nks=   151 /
           -0.333333  0.577350  0.000000
 -13.097 -13.097 -13.034 -13.034 -11.061 -11.017  -0.744  -0.743  -0.240  -0.239
   9.310  10.991  12.039  12.040  12.808  13.110  13.111  14.530  14.530  14.821
  14.821  14.848  14.969  15.363  15.363  15.829  16.196  16.367  16.367  17.225
  17.226  17.343
           -0.326667  0.565803  0.000000
 -13.247 -13.183 -12.961 -12.899 -11.041 -10.996  -0.935  -0.554  -0.426  -0.053
   9.319  10.993  11.958  12.083  12.790  13.047  13.124  14.260  14.564  14.715
  14.858  14.924  15.151  15.247  15.553  15.699  16.190  16.320  16.552  17.231
  17.287  17.355
           -0.320000  0.554256  0.000000
 -13.425 -13.360 -12.820 -12.759 -10.985 -10.941  -1.135  -0.621  -0.357   0.140
   9.345  10.994  11.812  12.116  12.744  12.922  13.112  13.922  14.280  14.742
  14.906  15.054  15.308  15.366  15.421  15.752  16.180  16.437  16.752  17.290
  17.362  17.366
           -0.313333  0.542709  0.000000
 -13.622 -13.556 -12.673 -12.613 -10.902 -10.858  -1.344  -0.823  -0.153   0.340
   9.387  10.987  11.607  12.139  12.679  12.758  13.078  13.565  14.011  14.542
  15.071  15.104  15.210  15.442  15.621  15.962  16.191  16.552  16.966  17.038
  17.400  17.462
           -0.306667  0.531162  0.000000
 -13.833 -13.766 -12.522 -12.463 -10.798 -10.754  -1.559  -1.031   0.057   0.546
   9.443  10.960  11.359  12.150  12.580  12.591  13.027  13.207  13.748  14.305
  14.747  15.309  15.389  15.578  15.858  16.181  16.213  16.566  16.825  17.192
  17.480  17.577
           -0.300000  0.519615  0.000000
 -14.052 -13.984 -12.365 -12.307 -10.676 -10.633  -1.781  -1.244   0.273   0.759
   9.510  10.898  11.081  12.151  12.415  12.467  12.866  12.962  13.486  14.047
  14.440  15.521  15.589  15.669  16.098  16.199  16.410  16.452  16.756  17.430
  17.640  17.707
           -0.293333  0.508068  0.000000
 -14.277 -14.207 -12.203 -12.146 -10.542 -10.499  -2.007  -1.461   0.496   0.977
   9.586  10.785  10.787  12.142  12.273  12.282  12.579  12.887  13.218  13.778
  14.158  15.624  15.740  15.806  16.216  16.219  16.373  16.648  16.849  17.677
  17.851  17.853
           -0.286667  0.496521  0.000000
 -14.504 -14.433 -12.037 -11.981 -10.396 -10.354  -2.236  -1.681   0.725   1.202
   9.667  10.479  10.622  11.987  12.123  12.186  12.372  12.804  12.945  13.506
  13.911  15.437  15.966  15.982  16.037  16.339  16.616  16.896  17.030  17.934
  18.013  18.073
           -0.280000  0.484974  0.000000
 -14.731 -14.659 -11.865 -11.810 -10.242 -10.200  -2.469  -1.904   0.961   1.432
   9.748  10.167  10.408  11.659  12.095  12.109  12.197  12.673  12.716  13.237
  13.704  15.196  15.713  16.198  16.282  16.520  16.880  17.152  17.255  18.007
  18.186  18.200
           -0.273333  0.473427  0.000000
 -14.958 -14.885 -11.689 -11.635 -10.079 -10.039  -2.703  -2.128   1.202   1.669
   9.819   9.859  10.161  11.324  12.011  12.024  12.060  12.418  12.625  12.975
  13.548  14.946  15.440  16.437  16.538  16.728  17.154  17.416  17.506  17.818
  18.352  18.371
           -0.266667  0.461880  0.000000
 -15.183 -15.109 -11.507 -11.455  -9.910  -9.870  -2.938  -2.353   1.449   1.911
   9.540   9.888   9.893  10.994  11.844  11.845  12.017  12.210  12.531  12.724
  13.447  14.703  15.176  16.680  16.804  16.949  17.435  17.594  17.686  17.776
  18.294  18.566
           -0.260000  0.450333  0.000000
 -15.406 -15.331 -11.321 -11.270  -9.735  -9.696  -3.173  -2.579   1.701   2.158
   9.231   9.613   9.925  10.679  11.602  11.663  11.968  12.043  12.435  12.484
  13.395  14.476  14.934  16.926  17.078  17.131  17.412  17.724  17.961  18.062
  18.143  18.770
           -0.253333  0.438786  0.000000
 -15.626 -15.549 -11.131 -11.080  -9.554  -9.516  -3.407  -2.803   1.959   2.410
   8.925   9.327   9.912  10.393  11.325  11.483  11.878  11.914  12.258  12.338
  13.367  14.271  14.735  17.026  17.171  17.359  17.530  17.926  18.040  18.238
  18.360  18.985
           -0.246667  0.427239  0.000000
 -15.842 -15.764 -10.935 -10.886  -9.369  -9.332  -3.640  -3.027   2.223   2.668
   8.624   9.040   9.799  10.179  11.036  11.309  11.704  11.856  12.045  12.241
  13.326  14.094  14.605  16.802  17.412  17.644  17.713  17.787  18.334  18.514
  18.670  19.210
           -0.240000  0.415692  0.000000
 -16.054 -15.975 -10.736 -10.687  -9.179  -9.143  -3.871  -3.248   2.491   2.930
   8.329   8.754   9.572  10.043  10.746  11.144  11.519  11.793  11.845  12.143
  13.234  13.949  14.569  16.576  17.478  17.639  17.931  18.068  18.645  18.784
  18.989  19.450
           -0.233333  0.404145  0.000000
 -16.263 -16.182 -10.531 -10.484  -8.986  -8.950  -4.099  -3.468   2.764   3.196
   8.040   8.472   9.299   9.917  10.459  10.988  11.328  11.654  11.727  12.045
  13.081  13.840  14.628  16.365  17.238  17.842  18.211  18.364  18.961  19.044
  19.317  19.707
           -0.226667  0.392598  0.000000
 -16.466 -16.385 -10.323 -10.277  -8.789  -8.754  -4.324  -3.685   3.041   3.467
   7.758   8.193   9.017   9.768  10.176  10.837  11.134  11.469  11.657  11.947
  12.885  13.762  14.758  16.176  16.998  18.003  18.474  18.671  19.279  19.296
  19.642  19.987
           -0.220000  0.381051  0.000000
 -16.665 -16.582 -10.110 -10.065  -8.589  -8.556  -4.546  -3.898   3.323   3.742
   7.482   7.921   8.737   9.596   9.899  10.685  10.941  11.288  11.585  11.850
  12.665  13.711  14.933  16.019  16.765  18.102  18.689  18.987  19.546  19.590
  19.799  20.078
           -0.213333  0.369504  0.000000
 -16.859 -16.775  -9.893  -9.850  -8.387  -8.354  -4.764  -4.108   3.609   4.020
   7.214   7.654   8.461   9.407   9.628  10.532  10.749  11.105  11.511  11.752
  12.433  13.673  15.131  15.902  16.547  18.122  18.802  19.310  19.643  19.807
  19.876  20.198
           -0.206667  0.357957  0.000000
 -17.049 -16.963  -9.672  -9.630  -8.182  -8.150  -4.978  -4.314   3.898   4.301
   6.953   7.394   8.193   9.207   9.364  10.376  10.561  10.921  11.434  11.655
  12.197  13.633  15.325  15.836  16.362  18.059  18.758  19.441  19.652  20.075
  20.087  20.280
           -0.200000  0.346410  0.000000
 -17.232 -17.146  -9.448  -9.407  -7.975  -7.945  -5.187  -4.516   4.190   4.586
   6.699   7.141   7.932   9.002   9.107  10.218  10.376  10.734  11.356  11.557
  11.961  13.578  15.463  15.825  16.257  17.920  18.570  19.252  19.986  20.107
  20.389  20.485
           -0.193333  0.334863  0.000000
 -17.411 -17.324  -9.220  -9.180  -7.767  -7.738  -5.391  -4.713   4.485   4.873
   6.453   6.895   7.679   8.795   8.858  10.060  10.196  10.545  11.275  11.459
  11.729  13.500  15.465  15.872  16.309  17.720  18.296  19.067  20.018  20.328
  20.713  20.767
           -0.186667  0.323316  0.000000
 -17.584 -17.496  -8.988  -8.949  -7.558  -7.530  -5.590  -4.905   4.782   5.161
   6.215   6.656   7.433   8.588   8.616   9.903  10.021  10.356  11.192  11.361
  11.501  13.398  15.342  15.968  16.503  17.473  17.977  18.894  19.880  20.675
  21.054  21.092
           -0.180000  0.311769  0.000000
 -17.752 -17.663  -8.753  -8.716  -7.349  -7.321  -5.783  -5.093   5.081   5.452
   5.985   6.425   7.196   8.383   8.384   9.749   9.852  10.167  11.107  11.262
  11.279  13.274  15.169  16.102  16.763  17.193  17.633  18.742  19.725  21.022
  21.411  21.441
           -0.173333  0.300222  0.000000
 -17.914 -17.824  -8.516  -8.479  -7.139  -7.113  -5.971  -5.274   5.382   5.743
   5.763   6.202   6.968   8.157   8.185   9.598   9.689   9.981  11.020  11.064
  11.161  13.135  14.980  16.256  16.888  17.053  17.276  18.618  19.565  21.366
  21.779  21.806
           -0.166667  0.288675  0.000000
 -18.070 -17.979  -8.276  -8.241  -6.930  -6.904  -6.153  -5.451   5.549   5.683
   5.987   6.035   6.748   7.940   7.990   9.452   9.531   9.798  10.855  10.930
  11.059  12.987  14.788  16.411  16.568  16.914  17.355  18.535  19.406  21.704
  22.157  22.181
           -0.160000  0.277128  0.000000
 -18.221 -18.129  -8.033  -7.999  -6.722  -6.697  -6.329  -5.621   5.344   5.780
   5.984   6.327   6.536   7.731   7.801   9.310   9.381   9.620  10.653  10.836
  10.955  12.832  14.598  16.238  16.543  16.549  17.661  18.511  19.254  22.027
  22.491  22.538
           -0.153333  0.265581  0.000000
 -18.366 -18.273  -7.789  -7.756  -6.519  -6.494  -6.491  -5.786   5.146   5.581
   6.285   6.333   6.617   7.530   7.617   9.173   9.237   9.446  10.458  10.739
  10.848  12.676  14.413  15.904  16.186  16.632  17.957  18.561  19.118  22.322
  22.591  22.915
           -0.146667  0.254034  0.000000
 -18.505 -18.411  -7.543  -7.511  -6.662  -6.310  -6.287  -5.944   4.956   5.390
   6.138   6.585   6.907   7.337   7.441   9.041   9.100   9.278  10.271  10.638
  10.737  12.520  14.233  15.569  15.828  16.664  18.217  18.694  19.023  22.562
  22.645  23.221
           -0.140000  0.242487  0.000000
 -18.638 -18.543  -7.296  -7.266  -6.819  -6.107  -6.101  -6.082   4.775   5.207
   5.952   6.882   7.153   7.194   7.271   8.914   8.970   9.117  10.092  10.531
  10.621  12.366  14.060  15.237  15.477  16.645  18.376  18.902  19.030  22.672
  22.688  23.232
           -0.133333  0.230940  0.000000
 -18.765 -18.670  -7.048  -7.019  -6.969  -6.243  -5.908  -5.887   4.602   5.033
   5.775   6.978   7.108   7.177   7.478   8.793   8.847   8.963   9.921  10.419
  10.501  12.216  13.893  14.912  15.136  16.588  18.379  19.169  19.188  22.682
  22.690  23.330
           -0.126667  0.219393  0.000000
 -18.886 -18.790  -7.112  -6.801  -6.773  -6.382  -5.713  -5.693   4.438   4.867
   5.606   6.810   6.953   7.468   7.758   8.676   8.731   8.818   9.757  10.299
  10.374  12.071  13.734  14.596  14.807  16.506  18.295  19.424  19.476  22.611
  22.715  23.443
           -0.120000  0.207846  0.000000
 -19.001 -18.904  -7.249  -6.554  -6.527  -6.515  -5.521  -5.502   4.281   4.709
   5.446   6.652   6.805   7.754   8.033   8.563   8.622   8.682   9.602  10.172
  10.240  11.931  13.583  14.292  14.493  16.410  18.183  19.671  19.810  22.526
  22.755  23.519
           -0.113333  0.196299  0.000000
 -19.111 -19.013  -7.378  -6.641  -6.308  -6.283  -5.335  -5.317   4.134   4.560
   5.294   6.501   6.665   8.034   8.303   8.451   8.521   8.558   9.455  10.037
  10.099  11.797  13.439  14.004  14.196  16.308  18.065  19.901  20.157  22.448
  22.821  23.545
           -0.106667  0.184752  0.000000
 -19.214 -19.115  -7.501  -6.761  -6.065  -6.041  -5.155  -5.138   3.994   4.419
   5.151   6.360   6.533   8.308   8.340   8.427   8.447   8.565   9.315   9.893
   9.949  11.669  13.302  13.733  13.918  16.204  17.947  20.099  20.500  22.392
  22.915  23.525
           -0.100000  0.173205  0.000000
 -19.310 -19.211  -7.617  -6.873  -5.825  -5.802  -4.981  -4.964   3.863   4.287
   5.017   6.227   6.408   8.230   8.340   8.350   8.573   8.820   9.184   9.741
   9.792  11.548  13.174  13.481  13.660  16.100  17.833  20.259  20.818  22.377
  23.035  23.467
           -0.093333  0.161658  0.000000
 -19.401 -19.302  -7.725  -6.979  -5.589  -5.567  -4.814  -4.798   3.740   4.163
   4.891   6.102   6.291   8.123   8.261   8.263   8.830   9.061   9.065   9.579
   9.626  11.434  13.053  13.250  13.424  16.000  17.724  20.378  21.076  22.430
  23.161  23.389
           -0.086667  0.150111  0.000000
 -19.486 -19.386  -7.826  -7.077  -5.358  -5.337  -4.655  -4.639   3.626   4.047
   4.774   5.986   6.183   8.020   8.186   8.188   8.946   9.075   9.299   9.411
   9.455  11.328  12.941  13.040  13.209  15.903  17.621  20.461  21.241  22.561
  23.254  23.320
           -0.080000  0.138564  0.000000
 -19.564 -19.464  -7.920  -7.169  -5.133  -5.114  -4.504  -4.489   3.520   3.940
   4.666   5.878   6.082   7.924   8.117   8.122   8.839   9.228   9.273   9.318
   9.527  11.228  12.837  12.852  13.017  15.812  17.525  20.514  21.314  22.706
  23.263  23.332
           -0.073333  0.127017  0.000000
 -19.636 -19.535  -8.006  -7.253  -4.917  -4.899  -4.362  -4.348   3.423   3.842
   4.566   5.779   5.989   7.835   8.055   8.064   8.741   9.054   9.093   9.534
   9.738  11.137  12.685  12.740  12.846  15.727  17.435  20.543  21.325  22.727
  23.184  23.536
           -0.066667  0.115470  0.000000
 -19.702 -19.601  -8.086  -7.330  -4.710  -4.693  -4.230  -4.217   3.334   3.752
   4.475   5.689   5.904   7.752   8.000   8.011   8.650   8.875   8.912   9.742
   9.936  11.053  12.539  12.652  12.697  15.648  17.353  20.555  21.304  22.644
  23.059  23.885
           -0.060000  0.103923  0.000000
 -19.762 -19.660  -8.157  -7.400  -4.515  -4.498  -4.109  -4.096   3.254   3.671
   4.393   5.607   5.827   7.678   7.951   7.965   8.568   8.698   8.733   9.934
  10.120  10.976  12.412  12.566  12.572  15.576  17.278  20.556  21.268  22.527
  22.917  24.295
           -0.053333  0.092376  0.000000
 -19.815 -19.713  -8.222  -7.463  -4.332  -4.317  -3.998  -3.986   3.182   3.598
   4.319   5.534   5.759   7.611   7.908   7.926   8.494   8.526   8.561  10.110
  10.287  10.908  12.303  12.454  12.500  15.511  17.210  20.548  21.227  22.404
  22.775  24.694
           -0.046667  0.080829  0.000000
 -19.863 -19.760  -8.278  -7.518  -4.165  -4.150  -3.899  -3.887   3.119   3.534
   4.254   5.470   5.698   7.551   7.872   7.892   8.364   8.398   8.429  10.268
  10.438  10.847  12.211  12.359  12.437  15.453  17.150  20.537  21.185  22.284
  22.641  24.768
           -0.040000  0.069282  0.000000
 -19.904 -19.801  -8.328  -7.566  -4.014  -4.001  -3.812  -3.800   3.064   3.478
   4.198   5.414   5.646   7.500   7.840   7.863   8.215   8.248   8.372  10.407
  10.571  10.795  12.133  12.280  12.382  15.403  17.098  20.523  21.146  22.173
  22.519  24.814
           -0.033333  0.057735  0.000000
 -19.938 -19.835  -8.369  -7.607  -3.883  -3.870  -3.738  -3.726   3.017   3.431
   4.150   5.367   5.601   7.456   7.814   7.840   8.082   8.115   8.323  10.527
  10.685  10.750  12.070  12.215  12.336  15.360  17.053  20.508  21.111  22.075
  22.413  24.841
           -0.026667  0.046188  0.000000
 -19.967 -19.863  -8.403  -7.640  -3.772  -3.760  -3.677  -3.665   2.979   3.393
   4.112   5.328   5.565   7.420   7.793   7.821   7.968   8.002   8.283  10.626
  10.714  10.779  12.020  12.163  12.297  15.325  17.017  20.495  21.082  21.992
  22.323  24.856
           -0.020000  0.034641  0.000000
 -19.989 -19.885  -8.430  -7.666  -3.684  -3.672  -3.629  -3.617   2.949   3.363
   4.081   5.298   5.537   7.392   7.777   7.807   7.877   7.910   8.251  10.685
  10.704  10.853  11.982  12.123  12.268  15.298  16.988  20.484  21.058  21.926
  22.253  24.863
           -0.013333  0.023094  0.000000
 -20.004 -19.901  -8.449  -7.685  -3.619  -3.608  -3.594  -3.583   2.928   3.341
   4.060   5.276   5.516   7.372   7.765   7.798   7.810   7.844   8.229  10.665
  10.760  10.906  11.955  12.096  12.246  15.278  16.968  20.475  21.041  21.878
  22.201  24.865
           -0.006667  0.011547  0.000000
 -20.014 -19.910  -8.460  -7.696  -3.580  -3.573  -3.569  -3.562   2.916   3.328
   4.047   5.263   5.504   7.360   7.758   7.769   7.792   7.803   8.215  10.653
  10.794  10.939  11.939  12.079  12.234  15.266  16.955  20.470  21.030  21.849
  22.171  24.866
            0.000000  0.000000  0.000000
 -20.017 -19.913  -8.464  -7.700  -3.568  -3.566  -3.556  -3.555   2.911   3.324
   4.042   5.259   5.500   7.356   7.755   7.757   7.789   7.791   8.211  10.649
  10.805  10.949  11.934  12.074  12.229  15.262  16.951  20.468  21.027  21.840
  22.160  24.867
            0.000000  0.011547  0.000000
 -20.015 -19.911  -8.461  -7.697  -3.577  -3.571  -3.566  -3.560   2.915   3.327
   4.045   5.262   5.503   7.359   7.758   7.765   7.792   7.799   8.214  10.652
  10.796  10.941  11.938  12.078  12.233  15.265  16.954  20.470  21.029  21.847
  22.168  24.867
            0.000000  0.023094  0.000000
 -20.008 -19.904  -8.453  -7.689  -3.607  -3.595  -3.587  -3.576   2.924   3.337
   4.055   5.272   5.512   7.368   7.763   7.796   7.796   7.830   8.224  10.661
  10.771  10.917  11.950  12.090  12.242  15.274  16.964  20.474  21.037  21.869
  22.191  24.866
            0.000000  0.034641  0.000000
 -19.996 -19.892  -8.439  -7.675  -3.655  -3.644  -3.612  -3.601   2.940   3.353
   4.071   5.288   5.528   7.383   7.771   7.803   7.847   7.881   8.241  10.676
  10.729  10.877  11.970  12.111  12.258  15.289  16.979  20.480  21.050  21.905
  22.230  24.864
            0.000000  0.046188  0.000000
 -19.979 -19.876  -8.419  -7.655  -3.723  -3.711  -3.648  -3.637   2.962   3.375
   4.094   5.311   5.549   7.404   7.781   7.811   7.919   7.952   8.265  10.670
  10.698  10.821  11.998  12.140  12.280  15.309  17.000  20.489  21.068  21.955
  22.283  24.860
            0.000000  0.057735  0.000000
 -19.958 -19.855  -8.393  -7.630  -3.809  -3.796  -3.693  -3.681   2.991   3.404
   4.123   5.340   5.576   7.431   7.793   7.821   8.009   8.043   8.295  10.596
  10.725  10.750  12.035  12.178  12.309  15.336  17.028  20.500  21.091  22.018
  22.351  24.853
            0.000000  0.069282  0.000000
 -19.932 -19.829  -8.362  -7.600  -3.912  -3.899  -3.747  -3.735   3.026   3.440
   4.159   5.375   5.609   7.464   7.806   7.832   8.119   8.153   8.332  10.505
  10.664  10.758  12.081  12.226  12.344  15.368  17.061  20.511  21.118  22.093
  22.432  24.839
            0.000000  0.080829  0.000000
 -19.901 -19.798  -8.325  -7.564  -4.031  -4.018  -3.809  -3.797   3.067   3.481
   4.201   5.417   5.649   7.502   7.819   7.843   8.248   8.281   8.375  10.399
  10.563  10.798  12.136  12.282  12.386  15.406  17.101  20.524  21.149  22.180
  22.526  24.817
            0.000000  0.092376  0.000000
 -19.866 -19.763  -8.282  -7.522  -4.167  -4.152  -3.878  -3.866   3.114   3.530
   4.250   5.466   5.694   7.547   7.832   7.853   8.394   8.424   8.426  10.278
  10.448  10.844  12.201  12.349  12.434  15.450  17.146  20.537  21.183  22.276
  22.632  24.785
            0.000000  0.103923  0.000000
 -19.826 -19.723  -8.234  -7.475  -4.317  -4.302  -3.955  -3.943   3.168   3.584
   4.305   5.520   5.745   7.596   7.843   7.861   8.479   8.556   8.589  10.143
  10.319  10.895  12.275  12.425  12.489  15.499  17.197  20.549  21.220  22.379
  22.747  24.738
            0.000000  0.115470  0.000000
 -19.781 -19.679  -8.180  -7.422  -4.481  -4.464  -4.037  -4.025   3.229   3.645
   4.367   5.582   5.803   7.651   7.852   7.868   8.540   8.735   8.767   9.994
  10.177  10.953  12.360  12.508  12.553  15.554  17.254  20.559  21.258  22.487
  22.870  24.676
            0.000000  0.127017  0.000000
 -19.731 -19.630  -8.121  -7.364  -4.657  -4.640  -4.125  -4.113   3.295   3.713
   4.435   5.649   5.866   7.709   7.861   7.872   8.608   8.929   8.961   9.832
  10.023  11.016  12.454  12.593  12.632  15.614  17.316  20.565  21.296  22.596
  22.996  24.395
            0.000000  0.138564  0.000000
 -19.677 -19.576  -8.055  -7.301  -4.845  -4.827  -4.218  -4.205   3.368   3.786
   4.510   5.723   5.936   7.766   7.872   7.874   8.681   9.137   9.169   9.658
   9.858  11.086  12.558  12.673  12.732  15.680  17.385  20.568  21.331  22.697
  23.119  24.086
            0.000000  0.150111  0.000000
 -19.618 -19.517  -7.985  -7.232  -5.044  -5.024  -4.314  -4.302   3.447   3.867
   4.591   5.804   6.011   7.805   7.869   7.906   8.761   9.360   9.391   9.472
   9.681  11.162  12.671  12.754  12.847  15.751  17.458  20.564  21.360  22.780
  23.229  23.812
            0.000000  0.161658  0.000000
 -19.555 -19.454  -7.909  -7.158  -5.252  -5.231  -4.414  -4.401   3.533   3.953
   4.679   5.891   6.092   7.816   7.862   7.968   8.846   9.277   9.494   9.594
   9.626  11.243  12.792  12.840  12.974  15.827  17.537  20.551  21.376  22.818
  23.310  23.602
            0.000000  0.173205  0.000000
 -19.487 -19.386  -7.827  -7.078  -5.469  -5.447  -4.517  -4.504   3.625   4.046
   4.773   5.984   6.179   7.811   7.852   8.046   8.937   9.072   9.298   9.841
   9.872  11.330  12.922  12.931  13.110  15.908  17.621  20.529  21.369  22.783
  23.341  23.487
            0.000000  0.184752  0.000000
 -19.414 -19.314  -7.740  -6.993  -5.693  -5.670  -4.622  -4.608   3.723   4.145
   4.874   6.084   6.271   7.799   7.838   8.131   8.860   9.021   9.105  10.099
  10.130  11.423  13.028  13.058  13.254  15.994  17.711  20.494  21.328  22.691
  23.310  23.458
            0.000000  0.196299  0.000000
 -19.336 -19.237  -7.648  -6.903  -5.925  -5.900  -4.728  -4.714   3.828   4.251
   4.981   6.190   6.369   7.782   7.820   8.214   8.648   8.868   9.147  10.367
  10.398  11.522  13.130  13.201  13.407  16.084  17.805  20.445  21.240  22.598
  23.227  23.458
            0.000000  0.207846  0.000000
 -19.254 -19.155  -7.550  -6.808  -6.162  -6.137  -4.834  -4.820   3.938   4.363
   5.094   6.302   6.472   7.761   7.798   8.249   8.484   8.648   9.256  10.646
  10.676  11.627  13.239  13.348  13.566  16.178  17.904  20.379  21.102  22.540
  23.113  23.435
            0.000000  0.219393  0.000000
 -19.167 -19.069  -7.447  -6.708  -6.405  -6.378  -4.942  -4.927   4.056   4.481
   5.214   6.421   6.580   7.737   7.774   8.102   8.418   8.501   9.372  10.933
  10.963  11.737  13.354  13.500  13.732  16.276  18.007  20.296  20.921  22.523
  22.981  23.355
            0.000000  0.230940  0.000000
 -19.076 -18.979  -7.338  -6.653  -6.626  -6.601  -5.049  -5.034   4.179   4.606
   5.341   6.545   6.690   7.711   7.747   7.875   8.183   8.600   9.495  11.228
  11.258  11.853  13.474  13.654  13.902  16.378  18.114  20.195  20.714  22.534
  22.836  23.200
            0.000000  0.242487  0.000000
 -18.980 -18.883  -7.225  -6.904  -6.875  -6.491  -5.155  -5.140   4.308   4.736
   5.474   6.675   6.801   7.633   7.684   7.717   7.941   8.717   9.624  11.531
  11.561  11.974  13.601  13.809  14.077  16.482  18.224  20.078  20.492  22.549
  22.677  22.983
            0.000000  0.254034  0.000000
 -18.880 -18.784  -7.160  -7.129  -7.105  -6.376  -5.261  -5.246   4.444   4.873
   5.613   6.810   6.900   7.396   7.658   7.682   7.701   8.843   9.760  11.841
  11.871  12.100  13.733  13.963  14.254  16.588  18.336  19.945  20.266  22.477
  22.497  22.802
            0.000000  0.265581  0.000000
 -18.775 -18.679  -7.417  -7.385  -6.982  -6.256  -5.365  -5.350   4.586   5.016
   5.758   6.926   6.947   7.228   7.450   7.635   7.655   8.976   9.901  12.157
  12.187  12.232  13.871  14.115  14.434  16.694  18.448  19.802  20.042  22.207
  22.289  22.697
            0.000000  0.277128  0.000000
 -18.666 -18.571  -7.677  -7.644  -6.853  -6.131  -5.468  -5.452   4.734   5.164
   5.910   6.757   7.051   7.238   7.243   7.623   7.623   9.115  10.049  12.369
  12.479  12.509  14.016  14.262  14.613  16.800  18.556  19.652  19.824  21.857
  22.048  22.530
            0.000000  0.288675  0.000000
 -18.552 -18.458  -7.939  -7.904  -6.719  -6.001  -5.568  -5.553   4.889   5.317
   6.067   6.507   6.900   7.281   7.314   7.595   7.639   9.261  10.204  12.512
  12.806  12.835  14.165  14.402  14.792  16.903  18.653  19.505  19.617  21.485
  21.774  22.368
            0.000000  0.300222  0.000000
 -18.433 -18.340  -8.202  -8.166  -6.581  -5.867  -5.667  -5.651   5.049   5.474
   6.199   6.271   6.652   7.356   7.406   7.586   7.704   9.412  10.364  12.658
  13.137  13.166  14.321  14.532  14.967  16.999  18.720  19.380  19.424  21.110
  21.475  22.076
            0.000000  0.311769  0.000000
 -18.311 -18.218  -8.467  -8.429  -6.438  -5.763  -5.747  -5.728   5.215   5.630
   5.956   6.402   6.408   7.359   7.459   7.663   7.817   9.569  10.530  12.810
  13.471  13.500  14.482  14.649  15.136  17.085  18.722  19.248  19.314  20.740
  21.160  21.630
            0.000000  0.323316  0.000000
 -18.184 -18.092  -8.731  -8.692  -6.291  -5.856  -5.840  -5.585   5.386   5.678
   5.761   6.178   6.583   7.343   7.443   7.817   7.959   9.732  10.703  12.965
  13.808  13.836  14.649  14.750  15.297  17.155  18.637  19.092  19.326  20.382
  20.840  21.192
            0.000000  0.334863  0.000000
 -18.052 -17.961  -8.996  -8.956  -6.139  -5.946  -5.930  -5.438   5.389   5.570
   5.733   6.118   6.763   7.320   7.412   7.993   8.116   9.901  10.882  13.125
  14.147  14.175  14.821  14.830  15.444  17.200  18.495  18.958  19.384  20.041
  20.529  20.769
            0.000000  0.346410  0.000000
 -17.916 -17.826  -9.261  -9.219  -6.033  -6.017  -5.983  -5.288   5.108   5.517
   5.751   6.251   6.944   7.299   7.379   8.179   8.284  10.074  11.067  13.288
  14.486  14.514  14.885  14.999  15.572  17.212  18.330  18.845  19.434  19.723
  20.250  20.370
            0.000000  0.357957  0.000000
 -17.776 -17.687  -9.525  -9.482  -6.117  -6.101  -5.823  -5.133   4.824   5.261
   5.940   6.429   7.106   7.303   7.345   8.373   8.460  10.253  11.257  13.453
  14.826  14.853  14.912  15.181  15.672  17.183  18.163  18.740  19.410  19.435
  20.010  20.052
            0.000000  0.369504  0.000000
 -17.632 -17.543  -9.788  -9.744  -6.197  -6.181  -5.659  -4.975   4.540   4.998
   6.134   6.621   7.170   7.312   7.412   8.574   8.643  10.437  11.454  13.620
  14.907  15.165  15.192  15.369  15.734  17.107  18.010  18.610  19.186  19.252
  19.720  19.978
            0.000000  0.381051  0.000000
 -17.483 -17.396 -10.051 -10.005  -6.274  -6.258  -5.493  -4.815   4.256   4.732
   6.332   6.820   7.163   7.282   7.601   8.781   8.833  10.627  11.657  13.788
  14.868  15.501  15.528  15.562  15.745  16.986  17.880  18.407  18.984  19.008
  19.536  19.946
            0.000000  0.392598  0.000000
 -17.331 -17.244 -10.311 -10.265  -6.347  -6.330  -5.323  -4.651   3.975   4.467
   6.530   7.018   7.147   7.262   7.811   8.996   9.028  10.820  11.865  13.952
  14.795  15.696  15.759  15.834  15.861  16.827  17.779  18.122  18.742  18.814
  19.469  19.845
            0.000000  0.404145  0.000000
 -17.174 -17.088 -10.571 -10.523  -6.416  -6.399  -5.150  -4.486   3.696   4.204
   6.721   7.143   7.154   7.312   8.031   9.216   9.229  11.019  12.079  14.107
  14.692  15.582  15.960  16.163  16.189  16.641  17.693  17.788  18.493  18.657
  19.488  19.656
            0.000000  0.415692  0.000000
 -17.014 -16.929 -10.828 -10.779  -6.481  -6.464  -4.976  -4.319   3.420   3.944
   6.874   7.158   7.182   7.502   8.258   9.434   9.444  11.222  12.298  14.232
  14.580  15.411  16.166  16.439  16.486  16.511  17.433  17.582  18.302  18.499
  19.426  19.554
            0.000000  0.427239  0.000000
 -16.849 -16.765 -11.083 -11.032  -6.542  -6.525  -4.800  -4.150   3.149   3.688
   6.941   7.136   7.315   7.725   8.493   9.645   9.677  11.428  12.523  14.235
  14.546  15.194  16.230  16.375  16.801  16.825  17.077  17.396  18.211  18.332
  19.187  19.637
            0.000000  0.438786  0.000000
 -16.681 -16.598 -11.336 -11.284  -6.599  -6.582  -4.623  -3.982   2.883   3.437
   6.947   7.112   7.514   7.959   8.734   9.860   9.917  11.638  12.754  14.077
  14.621  14.942  16.026  16.587  16.731  17.107  17.130  17.140  18.147  18.204
  18.951  19.697
            0.000000  0.450333  0.000000
 -16.510 -16.428 -11.585 -11.532  -6.651  -6.634  -4.447  -3.814   2.624   3.192
   6.935   7.088   7.739   8.200   8.982  10.079  10.162  11.851  12.989  13.860
  14.667  14.692  15.828  16.416  16.800  16.844  17.402  17.423  17.943  18.238
  18.724  19.681
            0.000000  0.461880  0.000000
 -16.335 -16.254 -11.832 -11.777  -6.699  -6.682  -4.272  -3.648   2.372   2.956
   6.919   7.065   7.976   8.448   9.235  10.302  10.414  12.066  13.228  13.614
  14.376  14.706  15.626  16.172  16.526  17.017  17.683  17.703  17.726  18.269
  18.522  19.605
            0.000000  0.473427  0.000000
 -16.157 -16.077 -12.075 -12.019  -6.743  -6.726  -4.100  -3.485   2.130   2.728
   6.901   7.045   8.222   8.702   9.495  10.529  10.672  12.281  13.350  13.467
  14.078  14.638  15.388  16.044  16.200  17.232  17.504  17.949  17.968  18.181
  18.444  19.508
            0.000000  0.484974  0.000000
 -15.977 -15.898 -12.314 -12.257  -6.782  -6.765  -3.932  -3.328   1.900   2.512
   6.884   7.026   8.474   8.962   9.761  10.758  10.936  12.493  13.074  13.650
  13.834  14.490  15.119  15.869  16.020  17.293  17.445  17.974  18.197  18.214
  18.481  19.399
            0.000000  0.496521  0.000000
 -15.795 -15.717 -12.548 -12.490  -6.817  -6.800  -3.771  -3.177   1.683   2.309
   6.868   7.009   8.733   9.227  10.033  10.990  11.206  12.676  12.812  13.422
  14.001  14.282  14.847  15.536  16.034  17.115  17.648  17.745  18.424  18.440
  18.533  19.279
            0.000000  0.508068  0.000000
 -15.612 -15.535 -12.776 -12.717  -6.847  -6.830  -3.620  -3.036   1.483   2.123
   6.854   6.994   8.998   9.499  10.310  11.222  11.481  12.480  12.908  13.112
  14.038  14.252  14.595  15.205  16.019  17.003  17.492  17.854  18.584  18.629
  18.643  19.150
            0.000000  0.519615  0.000000
 -15.430 -15.353 -12.996 -12.936  -6.873  -6.856  -3.481  -2.907   1.302   1.956
   6.842   6.981   9.268   9.775  10.593  11.453  11.762  12.187  12.797  13.061
  13.779  14.379  14.505  14.882  15.932  16.983  17.239  18.033  18.638  18.808
  18.820  19.015
            0.000000  0.531162  0.000000
 -15.251 -15.175 -13.206 -13.145  -6.894  -6.877  -3.358  -2.794   1.146   1.811
   6.831   6.971   9.542  10.058  10.880  11.680  11.890  12.046  12.484  13.119
  13.552  14.224  14.520  14.804  15.781  16.979  17.039  18.181  18.704  18.878
  18.959  18.969
            0.000000  0.542709  0.000000
 -15.082 -15.006 -13.400 -13.339  -6.911  -6.893  -3.256  -2.701   1.017   1.694
   6.823   6.962   9.821  10.345  11.170  11.592  11.900  12.154  12.355  12.986
  13.414  14.174  14.207  15.059  15.597  16.713  17.132  18.286  18.748  18.792
  19.079  19.088
            0.000000  0.554256  0.000000
 -14.931 -14.856 -13.568 -13.507  -6.922  -6.905  -3.180  -2.631   0.921   1.606
   6.818   6.956  10.103  10.637  11.286  11.473  11.850  12.095  12.644  12.738
  13.294  13.888  14.229  15.326  15.414  16.445  17.229  18.347  18.634  18.897
  19.166  19.174
            0.000000  0.565803  0.000000
 -14.820 -14.744 -13.691 -13.629  -6.929  -6.912  -3.132  -2.588   0.862   1.552
   6.814   6.953  10.384  10.933  11.001  11.543  11.757  12.205  12.509  12.945
  13.172  13.572  14.321  15.266  15.591  16.181  17.302  18.376  18.554  18.991
  19.219  19.226
            0.000000  0.577350  0.000000
 -14.777 -14.701 -13.737 -13.675  -6.932  -6.914  -3.115  -2.573   0.842   1.534
   6.813   6.952  10.594  10.788  11.205  11.267  11.974  12.114  12.453  13.114
  13.212  13.300  14.366  15.205  15.780  15.992  17.330  18.384  18.524  19.031
  19.237  19.244
           -0.006667  0.577350  0.000000
 -14.776 -14.701 -13.736 -13.675  -6.935  -6.918  -3.114  -2.572   0.841   1.533
   6.818   6.957  10.595  10.789  11.206  11.268  11.973  12.115  12.452  13.115
  13.213  13.301  14.366  15.206  15.779  15.992  17.328  18.373  18.524  19.004
  19.234  19.270
           -0.013333  0.577350  0.000000
 -14.774 -14.699 -13.734 -13.673  -6.946  -6.928  -3.111  -2.569   0.841   1.532
   6.832   6.971  10.597  10.792  11.207  11.271  11.971  12.118  12.450  13.118
  13.215  13.304  14.364  15.209  15.778  15.994  17.322  18.342  18.525  18.946
  19.225  19.329
           -0.020000  0.577350  0.000000
 -14.771 -14.695 -13.731 -13.669  -6.964  -6.946  -3.107  -2.564   0.840   1.531
   6.856   6.995  10.602  10.796  11.210  11.276  11.968  12.123  12.447  13.123
  13.218  13.309  14.362  15.214  15.777  15.996  17.311  18.291  18.526  18.877
  19.210  19.399
           -0.026667  0.577350  0.000000
 -14.766 -14.691 -13.726 -13.665  -6.988  -6.970  -3.100  -2.558   0.839   1.528
   6.888   7.028  10.607  10.803  11.213  11.283  11.963  12.130  12.444  13.129
  13.223  13.316  14.359  15.222  15.774  15.999  17.297  18.224  18.528  18.804
  19.191  19.473
           -0.033333  0.577350  0.000000
 -14.760 -14.685 -13.720 -13.659  -7.020  -7.002  -3.091  -2.549   0.838   1.525
   6.931   7.071  10.615  10.811  11.217  11.292  11.956  12.139  12.440  13.137
  13.229  13.325  14.356  15.231  15.770  16.003  17.280  18.143  18.529  18.729
  19.167  19.527
           -0.040000  0.577350  0.000000
 -14.752 -14.677 -13.713 -13.651  -7.058  -7.039  -3.081  -2.539   0.836   1.522
   6.982   7.123  10.624  10.822  11.222  11.303  11.946  12.150  12.436  13.147
  13.236  13.336  14.352  15.243  15.765  16.007  17.260  18.051  18.530  18.655
  19.141  19.529
           -0.046667  0.577350  0.000000
 -14.744 -14.668 -13.704 -13.643  -7.103  -7.084  -3.068  -2.526   0.834   1.517
   7.042   7.184  10.635  10.834  11.228  11.316  11.931  12.164  12.433  13.159
  13.244  13.349  14.348  15.256  15.759  16.013  17.238  17.951  18.529  18.581
  19.113  19.531
           -0.053333  0.577350  0.000000
 -14.733 -14.658 -13.694 -13.633  -7.154  -7.134  -3.054  -2.512   0.832   1.512
   7.111   7.253  10.647  10.847  11.234  11.330  11.913  12.179  12.432  13.172
  13.253  13.364  14.344  15.272  15.750  16.018  17.215  17.847  18.509  18.527
  19.084  19.533
           -0.060000  0.577350  0.000000
 -14.722 -14.647 -13.683 -13.622  -7.211  -7.191  -3.037  -2.496   0.829   1.506
   7.188   7.332  10.661  10.863  11.241  11.347  11.888  12.196  12.433  13.188
  13.264  13.381  14.341  15.290  15.739  16.025  17.191  17.741  18.437  18.521
  19.058  19.536
           -0.066667  0.577350  0.000000
 -14.709 -14.634 -13.671 -13.609  -7.274  -7.254  -3.019  -2.478   0.825   1.500
   7.273   7.418  10.677  10.881  11.249  11.366  11.858  12.216  12.437  13.205
  13.275  13.399  14.339  15.310  15.725  16.031  17.168  17.634  18.367  18.511
  19.035  19.538
           -0.073333  0.577350  0.000000
 -14.695 -14.620 -13.657 -13.595  -7.343  -7.322  -2.999  -2.458   0.821   1.492
   7.366   7.513  10.694  10.900  11.257  11.387  11.821  12.237  12.444  13.224
  13.288  13.420  14.337  15.331  15.708  16.038  17.145  17.531  18.300  18.495
  19.016  19.541
           -0.080000  0.577350  0.000000
 -14.679 -14.605 -13.642 -13.580  -7.417  -7.395  -2.977  -2.436   0.817   1.483
   7.466   7.615  10.712  10.921  11.266  11.410  11.778  12.260  12.455  13.245
  13.301  13.443  14.337  15.356  15.686  16.044  17.123  17.432  18.234  18.473
  19.005  19.543
           -0.086667  0.577350  0.000000
 -14.663 -14.588 -13.625 -13.564  -7.496  -7.474  -2.953  -2.413   0.811   1.474
   7.574   7.725  10.733  10.944  11.275  11.434  11.727  12.286  12.470  13.267
  13.316  13.467  14.339  15.382  15.661  16.050  17.103  17.339  18.171  18.444
  19.000  19.545
           -0.093333  0.577350  0.000000
 -14.644 -14.570 -13.608 -13.546  -7.580  -7.557  -2.927  -2.387   0.805   1.463
   7.689   7.842  10.754  10.968  11.283  11.461  11.671  12.313  12.488  13.292
  13.331  13.494  14.342  15.410  15.630  16.056  17.086  17.253  18.111  18.410
  19.002  19.546
           -0.100000  0.577350  0.000000
 -14.625 -14.551 -13.589 -13.528  -7.669  -7.645  -2.899  -2.359   0.798   1.451
   7.810   7.966  10.778  10.995  11.292  11.490  11.608  12.343  12.510  13.318
  13.346  13.522  14.348  15.440  15.595  16.061  17.070  17.177  18.055  18.369
  19.011  19.546
           -0.106667  0.577350  0.000000
 -14.604 -14.530 -13.569 -13.508  -7.762  -7.737  -2.869  -2.330   0.790   1.438
   7.937   8.096  10.803  11.023  11.301  11.520  11.539  12.374  12.535  13.346
  13.362  13.552  14.356  15.473  15.556  16.064  17.058  17.110  18.002  18.324
  19.026  19.546
           -0.113333  0.577350  0.000000
 -14.582 -14.508 -13.547 -13.486  -7.858  -7.833  -2.837  -2.299   0.782   1.424
   8.070   8.233  10.829  11.052  11.309  11.466  11.552  12.407  12.563  13.376
  13.379  13.584  14.366  15.507  15.512  16.067  17.049  17.053  17.953  18.275
  19.047  19.544
           -0.120000  0.577350  0.000000
 -14.558 -14.484 -13.525 -13.464  -7.959  -7.933  -2.804  -2.266   0.772   1.408
   8.209   8.375  10.856  11.083  11.316  11.388  11.587  12.443  12.595  13.396
  13.407  13.617  14.379  15.465  15.544  16.067  17.005  17.043  17.909  18.224
  19.072  19.541
           -0.126667  0.577350  0.000000
 -14.533 -14.460 -13.501 -13.441  -8.063  -8.036  -2.768  -2.231   0.760   1.391
   8.353   8.523  10.885  11.113  11.308  11.323  11.623  12.480  12.629  13.412
  13.441  13.652  14.395  15.415  15.582  16.066  16.967  17.040  17.870  18.171
  19.102  19.536
           -0.133333  0.577350  0.000000
 -14.507 -14.433 -13.477 -13.416  -8.170  -8.142  -2.731  -2.194   0.748   1.373
   8.501   8.676  10.916  11.138  11.232  11.329  11.661  12.519  12.666  13.429
  13.476  13.689  14.413  15.365  15.623  16.062  16.938  17.040  17.836  18.116
  19.135  19.529
           -0.140000  0.577350  0.000000
 -14.479 -14.406 -13.451 -13.391  -8.280  -8.251  -2.691  -2.155   0.734   1.352
   8.653   8.835  10.947  11.109  11.209  11.333  11.700  12.561  12.705  13.446
  13.512  13.728  14.434  15.315  15.666  16.056  16.916  17.044  17.807  18.061
  19.171  19.519
           -0.146667  0.577350  0.000000
 -14.450 -14.377 -13.425 -13.364  -8.392  -8.362  -2.650  -2.115   0.718   1.330
   8.810   8.997  10.980  11.028  11.238  11.337  11.742  12.604  12.748  13.463
  13.551  13.768  14.457  15.267  15.711  16.047  16.901  17.050  17.785  18.005
  19.211  19.506
           -0.153333  0.577350  0.000000
 -14.420 -14.347 -13.397 -13.337  -8.506  -8.476  -2.607  -2.072   0.701   1.307
   8.969   9.164  10.938  11.014  11.276  11.338  11.785  12.649  12.792  13.480
  13.591  13.810  14.484  15.222  15.758  16.036  16.892  17.060  17.769  17.949
  19.254  19.489
           -0.160000  0.577350  0.000000
 -14.388 -14.316 -13.368 -13.308  -8.623  -8.592  -2.562  -2.028   0.682   1.281
   9.132   9.335  10.845  11.049  11.316  11.338  11.830  12.696  12.839  13.497
  13.634  13.853  14.513  15.181  15.807  16.021  16.888  17.072  17.760  17.894
  19.299  19.466
           -0.166667  0.577350  0.000000
 -14.355 -14.283 -13.339 -13.279  -8.741  -8.709  -2.515  -1.982   0.661   1.254
   9.296   9.509  10.753  11.086  11.335  11.359  11.876  12.745  12.889  13.514
  13.677  13.897  14.544  15.145  15.858  16.004  16.887  17.086  17.757  17.840
  19.347  19.435
           -0.173333  0.577350  0.000000
 -14.321 -14.249 -13.309 -13.249  -8.861  -8.828  -2.466  -1.934   0.639   1.224
   9.462   9.687  10.661  11.123  11.331  11.404  11.924  12.796  12.941  13.532
  13.723  13.942  14.578  15.116  15.911  15.985  16.890  17.104  17.760  17.786
  19.393  19.397
           -0.180000  0.577350  0.000000
 -14.285 -14.213 -13.278 -13.218  -8.982  -8.948  -2.416  -1.884   0.614   1.193
   9.629   9.867  10.571  11.161  11.325  11.450  11.974  12.848  12.995  13.550
  13.770  13.988  14.614  15.092  15.963  15.966  16.896  17.123  17.733  17.769
  19.332  19.450
           -0.186667  0.577350  0.000000
 -14.248 -14.177 -13.247 -13.187  -9.104  -9.069  -2.363  -1.832   0.586   1.159
   9.793  10.049  10.485  11.200  11.316  11.498  12.025  12.903  13.051  13.569
  13.819  14.036  14.653  15.075  15.940  16.023  16.903  17.144  17.682  17.785
  19.222  19.244
           -0.193333  0.577350  0.000000
 -14.209 -14.139 -13.215 -13.155  -9.226  -9.191  -2.309  -1.778   0.557   1.123
   9.949  10.233  10.408  11.240  11.306  11.548  12.077  12.959  13.110  13.589
  13.870  14.083  14.693  15.065  15.916  16.082  16.912  17.166  17.633  17.807
  18.987  19.119
           -0.200000  0.577350  0.000000
 -14.170 -14.099 -13.182 -13.123  -9.349  -9.313  -2.252  -1.723   0.525   1.084
  10.076  10.364  10.417  11.281  11.294  11.600  12.131  13.018  13.171  13.611
  13.923  14.131  14.736  15.062  15.891  16.143  16.922  17.189  17.585  17.834
  18.755  18.958
           -0.206667  0.577350  0.000000
 -14.129 -14.058 -13.150 -13.090  -9.472  -9.435  -2.194  -1.666   0.490   1.043
  10.111  10.412  10.602  11.282  11.322  11.653  12.186  13.078  13.234  13.634
  13.977  14.180  14.781  15.065  15.866  16.207  16.931  17.212  17.540  17.867
  18.528  18.770
           -0.213333  0.577350  0.000000
 -14.086 -14.016 -13.118 -13.058  -9.594  -9.556  -2.134  -1.607   0.452   1.000
  10.065  10.543  10.784  11.272  11.364  11.708  12.242  13.140  13.299  13.661
  14.033  14.228  14.828  15.074  15.842  16.272  16.941  17.232  17.496  17.905
  18.308  18.566
           -0.220000  0.577350  0.000000
 -14.043 -13.973 -13.086 -13.026  -9.716  -9.677  -2.072  -1.546   0.412   0.954
   9.997  10.695  10.957  11.269  11.406  11.766  12.299  13.203  13.366  13.690
  14.091  14.275  14.876  15.088  15.820  16.339  16.949  17.248  17.455  17.947
  18.099  18.353
           -0.226667  0.577350  0.000000
 -13.997 -13.928 -13.054 -12.994  -9.837  -9.797  -2.009  -1.483   0.369   0.905
   9.926  10.851  11.093  11.301  11.448  11.826  12.357  13.268  13.436  13.722
  14.151  14.321  14.926  15.108  15.801  16.408  16.957  17.250  17.417  17.907
  17.995  18.136
           -0.233333  0.577350  0.000000
 -13.951 -13.882 -13.023 -12.964  -9.956  -9.916  -1.943  -1.419   0.323   0.854
   9.855  11.005  11.143  11.419  11.491  11.888  12.416  13.335  13.507  13.757
  14.212  14.366  14.978  15.133  15.785  16.478  16.963  17.224  17.381  17.749
  17.917  18.046
           -0.240000  0.577350  0.000000
 -13.903 -13.835 -12.993 -12.934 -10.073 -10.032  -1.876  -1.352   0.274   0.800
   9.787  11.142  11.153  11.533  11.583  11.954  12.475  13.404  13.581  13.796
  14.275  14.408  15.030  15.161  15.773  16.551  16.966  17.147  17.349  17.647
  17.698  18.102
           -0.246667  0.577350  0.000000
 -13.854 -13.786 -12.965 -12.906 -10.188 -10.146  -1.807  -1.284   0.222   0.743
   9.723  11.129  11.293  11.576  11.758  12.024  12.534  13.474  13.656  13.839
  14.340  14.448  15.083  15.194  15.767  16.625  16.966  17.015  17.320  17.483
  17.604  18.103
           -0.253333  0.577350  0.000000
 -13.804 -13.736 -12.940 -12.880 -10.299 -10.257  -1.735  -1.214   0.166   0.683
   9.662  11.113  11.424  11.618  11.932  12.098  12.593  13.546  13.734  13.886
  14.407  14.485  15.136  15.230  15.768  16.700  16.851  16.958  17.275  17.295
  17.592  17.882
           -0.260000  0.577350  0.000000
 -13.752 -13.685 -12.917 -12.857 -10.406 -10.364  -1.663  -1.143   0.108   0.621
   9.606  11.095  11.543  11.659  12.103  12.176  12.651  13.620  13.813  13.938
  14.476  14.519  15.187  15.269  15.775  16.676  16.777  16.920  17.097  17.274
  17.555  17.709
           -0.266667  0.577350  0.000000
 -13.699 -13.632 -12.897 -12.838 -10.509 -10.466  -1.588  -1.069   0.046   0.556
   9.555  11.078  11.649  11.700  12.258  12.267  12.709  13.695  13.894  13.994
  14.546  14.549  15.237  15.311  15.791  16.501  16.783  16.853  17.017  17.259
  17.389  17.676
           -0.273333  0.577350  0.000000
 -13.645 -13.578 -12.882 -12.822 -10.606 -10.563  -1.511  -0.994  -0.019   0.488
   9.508  11.061  11.741  11.741  12.343  12.423  12.765  13.772  13.977  14.056
  14.576  14.619  15.281  15.355  15.814  16.332  16.591  16.928  16.995  17.183
  17.251  17.689
           -0.280000  0.577350  0.000000
 -13.589 -13.523 -12.872 -12.812 -10.697 -10.653  -1.433  -0.917  -0.088   0.418
   9.466  11.046  11.780  11.821  12.428  12.569  12.819  13.850  14.061  14.123
  14.600  14.693  15.315  15.401  15.846  16.174  16.391  16.978  16.979  16.998
  17.254  17.703
           -0.286667  0.577350  0.000000
 -13.532 -13.466 -12.869 -12.809 -10.779 -10.735  -1.353  -0.838  -0.159   0.344
   9.429  11.033  11.818  11.889  12.510  12.702  12.871  13.930  14.146  14.198
  14.623  14.769  15.331  15.449  15.887  16.035  16.192  16.781  16.961  17.058
  17.273  17.702
           -0.293333  0.577350  0.000000
 -13.474 -13.408 -12.873 -12.813 -10.853 -10.809  -1.271  -0.758  -0.234   0.268
   9.397  11.021  11.855  11.945  12.586  12.819  12.920  14.011  14.232  14.279
  14.644  14.848  15.320  15.497  15.922  15.935  16.000  16.599  16.933  17.100
  17.316  17.671
           -0.300000  0.577350  0.000000
 -13.414 -13.349 -12.886 -12.825 -10.916 -10.872  -1.188  -0.676  -0.311   0.190
   9.370  11.011  11.891  11.990  12.653  12.919  12.965  14.094  14.317  14.367
  14.665  14.928  15.271  15.537  15.822  15.835  15.991  16.440  16.890  17.127
  17.381  17.603
           -0.306667  0.577350  0.000000
 -13.353 -13.289 -12.908 -12.847 -10.969 -10.924  -1.102  -0.592  -0.392   0.109
   9.348  11.003  11.924  12.024  12.710  12.999  13.005  14.178  14.400  14.462
  14.689  15.011  15.188  15.521  15.707  15.760  16.055  16.316  16.821  17.145
  17.460  17.498
           -0.313333  0.577350  0.000000
 -13.291 -13.227 -12.940 -12.879 -11.010 -10.965  -1.015  -0.506  -0.476   0.025
   9.332  10.998  11.956  12.047  12.754  13.041  13.058  14.264  14.479  14.563
  14.715  15.083  15.095  15.388  15.676  15.716  16.124  16.240  16.724  17.162
  17.417  17.417
           -0.320000  0.577350  0.000000
 -13.228 -13.164 -12.983 -12.921 -11.039 -10.994  -0.926  -0.562  -0.419  -0.061
   9.320  10.994  11.986  12.058  12.785  13.070  13.097  14.351  14.545  14.669
  14.745  14.972  15.182  15.224  15.573  15.762  16.200  16.206  16.603  17.180
  17.332  17.370
           -0.326667  0.577350  0.000000
 -13.163 -13.099 -13.035 -12.973 -11.056 -11.011  -0.835  -0.652  -0.330  -0.149
   9.312  10.992  12.014  12.056  12.802  13.094  13.114  14.440  14.577  14.772
  14.780  14.880  15.066  15.271  15.464  15.807  16.197  16.281  16.475  17.201
  17.266  17.349
           -0.333333  0.577350  0.000000
 -13.097 -13.097 -13.034 -13.034 -11.061 -11.017  -0.744  -0.743  -0.240  -0.239
   9.310  10.991  12.039  12.040  12.808  13.110  13.111  14.530  14.530  14.821
  14.821  14.848  14.969  15.363  15.363  15.829  16.196  16.367  16.367  17.225
  17.226  17.343
