 &plot nbnd=  32, nks=   151 /
           -0.333333  0.577350  0.000000
 -13.144 -13.075 -13.075 -13.013 -11.048 -11.048  -0.925  -0.522  -0.522  -0.088
  10.098  10.098  12.075  12.443  12.444  13.225  14.003  14.004  14.544  14.692
  14.692  14.836  15.154  15.154  15.335  15.740  15.740  16.298  16.761  16.761
  17.444  18.041
           -0.326667  0.565803  0.000000
 -13.270 -13.188 -12.971 -12.907 -11.034 -11.022  -1.012  -0.563  -0.459  -0.024
  10.091  10.119  12.045  12.380  12.484  13.191  13.872  14.033  14.293  14.758
  14.860  14.894  15.009  15.204  15.402  15.716  15.785  16.335  16.763  16.805
  17.468  17.977
           -0.320000  0.554256  0.000000
 -13.452 -13.357 -12.831 -12.768 -10.983 -10.962  -1.194  -0.691  -0.302   0.124
  10.096  10.153  11.931  12.322  12.505  13.078  13.682  13.937  14.000  14.790
  14.914  14.958  15.018  15.215  15.504  15.777  15.873  16.440  16.753  16.908
  17.527  17.916
           -0.313333  0.542709  0.000000
 -13.653 -13.548 -12.685 -12.623 -10.904 -10.875  -1.406  -0.853  -0.114   0.304
  10.109  10.198  11.730  12.285  12.503  12.887  13.512  13.567  13.909  14.608
  14.692  15.128  15.177  15.375  15.596  15.935  15.998  16.538  16.735  17.033
  17.577  17.945
           -0.306667  0.531162  0.000000
 -13.868 -13.754 -12.534 -12.473 -10.801 -10.769  -1.630  -1.032   0.087   0.500
  10.125  10.253  11.476  12.255  12.461  12.663  13.194  13.368  13.777  14.383
  14.391  15.323  15.360  15.581  15.668  16.113  16.158  16.561  16.706  17.190
  17.634  18.041
           -0.300000  0.519615  0.000000
 -14.090 -13.970 -12.378 -12.317 -10.682 -10.646  -1.862  -1.222   0.298   0.706
  10.137  10.315  11.191  12.218  12.303  12.521  12.822  13.232  13.617  14.058
  14.146  15.531  15.562  15.702  15.799  16.207  16.332  16.564  16.695  17.391
  17.736  18.132
           -0.293333  0.508068  0.000000
 -14.316 -14.191 -12.216 -12.156 -10.549 -10.511  -2.099  -1.420   0.517   0.921
  10.135  10.381  10.888  12.066  12.165  12.447  12.462  13.091  13.442  13.741
  13.880  15.662  15.754  15.778  16.000  16.109  16.491  16.712  16.772  17.622
  17.878  18.265
           -0.286667  0.496521  0.000000
 -14.545 -14.414 -12.050 -11.991 -10.404 -10.365  -2.339  -1.623   0.744   1.144
  10.103  10.447  10.577  11.841  12.025  12.185  12.371  12.939  13.258  13.448
  13.605  15.551  15.826  15.982  16.014  16.276  16.633  16.937  16.951  17.870
  18.030  18.400
           -0.280000  0.484974  0.000000
 -14.774 -14.639 -11.878 -11.820 -10.250 -10.211  -2.580  -1.831   0.977   1.373
  10.028  10.260  10.509  11.653  11.705  12.084  12.278  12.766  13.068  13.200
  13.329  15.387  15.558  16.219  16.253  16.519  16.786  17.183  17.186  18.118
  18.136  18.492
           -0.273333  0.473427  0.000000
 -15.002 -14.864 -11.702 -11.645 -10.088 -10.048  -2.823  -2.043   1.216   1.608
   9.899   9.943  10.557  11.367  11.503  12.001  12.161  12.578  12.874  13.013
  13.060  15.200  15.275  16.465  16.504  16.775  16.942  17.441  17.450  18.133
  18.307  18.561
           -0.266667  0.461880  0.000000
 -15.228 -15.086 -11.520 -11.465  -9.919  -9.880  -3.066  -2.256   1.462   1.849
   9.628   9.718  10.576  11.046  11.374  11.912  12.009  12.407  12.668  12.814
  12.882  14.991  15.006  16.718  16.762  17.040  17.068  17.712  17.719  18.082
  18.282  18.763
           -0.260000  0.450333  0.000000
 -15.452 -15.307 -11.334 -11.280  -9.744  -9.705  -3.308  -2.471   1.713   2.096
   9.316   9.499  10.506  10.798  11.236  11.814  11.823  12.281  12.442  12.607
  12.796  14.715  14.817  16.975  17.028  17.117  17.315  17.945  17.987  18.099
  18.186  19.038
           -0.253333  0.438786  0.000000
 -15.673 -15.525 -11.143 -11.090  -9.564  -9.525  -3.549  -2.687   1.970   2.349
   9.008   9.253  10.269  10.692  11.063  11.626  11.709  12.192  12.207  12.432
  12.751  14.456  14.641  17.067  17.236  17.296  17.592  17.868  18.185  18.307
  18.364  19.330
           -0.246667  0.427239  0.000000
 -15.890 -15.739 -10.948 -10.896  -9.379  -9.340  -3.788  -2.902   2.232   2.607
   8.705   8.993   9.970  10.616  10.850  11.435  11.600  11.981  12.117  12.275
  12.736  14.228  14.482  16.955  17.496  17.526  17.668  17.915  18.385  18.602
  18.658  19.630
           -0.240000  0.415692  0.000000
 -16.103 -15.949 -10.748 -10.697  -9.189  -9.152  -4.024  -3.116   2.499   2.869
   8.408   8.726   9.665  10.510  10.608  11.251  11.480  11.778  12.043  12.129
  12.728  14.051  14.340  16.822  17.372  17.749  17.867  18.210  18.623  18.903
  18.970  19.917
           -0.233333  0.404145  0.000000
 -16.312 -16.156 -10.544 -10.494  -8.996  -8.959  -4.257  -3.329   2.771   3.136
   8.118   8.456   9.363  10.349  10.368  11.071  11.336  11.612  11.964  11.990
  12.691  13.953  14.215  16.695  17.134  17.984  18.131  18.520  18.880  19.198
  19.288  19.979
           -0.226667  0.392598  0.000000
 -16.517 -16.357 -10.335 -10.286  -8.799  -8.763  -4.487  -3.540   3.047   3.408
   7.834   8.187   9.068  10.085  10.196  10.893  11.163  11.481  11.856  11.881
  12.594  13.956  14.104  16.588  16.892  18.185  18.379  18.837  19.137  19.462
  19.605  19.991
           -0.220000  0.381051  0.000000
 -16.716 -16.555 -10.122 -10.075  -8.599  -8.564  -4.712  -3.748   3.328   3.683
   7.557   7.920   8.780   9.819  10.003  10.715  10.975  11.362  11.728  11.795
  12.439  13.998  14.049  16.509  16.655  18.321  18.582  19.160  19.348  19.650
  19.895  20.090
           -0.213333  0.369504  0.000000
 -16.911 -16.747  -9.906  -9.859  -8.397  -8.362  -4.934  -3.953   3.613   3.962
   7.288   7.659   8.500   9.556   9.797  10.539  10.783  11.239  11.608  11.706
  12.245  13.893  14.203  16.428  16.464  18.362  18.694  19.417  19.485  19.847
  20.099  20.307
           -0.206667  0.357957  0.000000
 -17.101 -16.934  -9.685  -9.639  -8.192  -8.158  -5.151  -4.154   3.901   4.245
   7.026   7.402   8.228   9.298   9.583  10.364  10.592  11.103  11.499  11.614
  12.032  13.781  14.390  16.219  16.452  18.295  18.669  19.371  19.804  20.109
  20.252  20.565
           -0.200000  0.346410  0.000000
 -17.285 -17.117  -9.460  -9.416  -7.985  -7.953  -5.363  -4.352   4.192   4.530
   6.771   7.152   7.965   9.045   9.367  10.193  10.405  10.952  11.398  11.522
  11.810  13.659  14.583  16.042  16.469  18.136  18.511  19.287  20.082  20.405
  20.466  20.524
           -0.193333  0.334863  0.000000
 -17.465 -17.294  -9.232  -9.189  -7.778  -7.746  -5.569  -4.545   4.486   4.818
   6.525   6.908   7.709   8.799   9.151  10.025  10.222  10.792  11.302  11.427
  11.588  13.528  14.745  15.923  16.505  17.914  18.266  19.198  20.144  20.616
  20.724  20.754
           -0.186667  0.323316  0.000000
 -17.638 -17.465  -9.000  -8.958  -7.569  -7.538  -5.771  -4.734   4.782   5.107
   6.286   6.671   7.463   8.559   8.936   9.862  10.045  10.625  11.210  11.323
  11.375  13.386  14.824  15.910  16.547  17.652  17.975  19.124  20.006  20.903
  21.062  21.080
           -0.180000  0.311769  0.000000
 -17.806 -17.632  -8.766  -8.725  -7.359  -7.329  -5.966  -4.918   5.080   5.399
   6.055   6.442   7.224   8.328   8.726   9.703   9.873  10.455  11.118  11.139
  11.244  13.237  14.790  16.023  16.575  17.371  17.665  19.084  19.831  21.226
  21.416  21.431
           -0.173333  0.300222  0.000000
 -17.969 -17.792  -8.528  -8.488  -7.149  -7.120  -6.156  -5.097   5.379   5.690
   5.833   6.221   6.995   8.103   8.521   9.549   9.708  10.284  10.928  11.026
  11.144  13.083  14.676  16.214  16.558  17.098  17.363  19.091  19.649  21.557
  21.784  21.797
           -0.166667  0.288675  0.000000
 -18.126 -17.947  -8.288  -8.249  -6.940  -6.912  -6.340  -5.271   5.612   5.685
   5.964   6.025   6.774   7.887   8.321   9.401   9.548  10.115  10.722  10.932
  11.043  12.927  14.524  16.374  16.440  16.888  17.140  19.151  19.468  21.883
  22.160  22.173
           -0.160000  0.277128  0.000000
 -18.277 -18.097  -8.045  -8.008  -6.732  -6.705  -6.517  -5.439   5.410   5.797
   5.980   6.279   6.561   7.679   8.127   9.259   9.395   9.948  10.522  10.836
  10.940  12.769  14.357  16.196  16.315  16.767  17.167  19.266  19.290  22.197
  22.541  22.556
           -0.153333  0.265581  0.000000
 -18.422 -18.240  -7.801  -7.765  -6.688  -6.525  -6.499  -5.602   5.212   5.599
   6.279   6.358   6.570   7.479   7.940   9.123   9.248   9.784  10.328  10.737
  10.834  12.613  14.185  15.891  16.055  16.676  17.415  19.120  19.430  22.488
  22.903  22.916
           -0.146667  0.254034  0.000000
 -18.562 -18.378  -7.555  -7.520  -6.853  -6.320  -6.295  -5.758   5.022   5.409
   6.162   6.577   6.859   7.287   7.760   8.994   9.108   9.625  10.142  10.633
  10.724  12.458  14.015  15.566  15.738  16.583  17.735  18.961  19.634  22.742
  22.813  23.214
           -0.140000  0.242487  0.000000
 -18.695 -18.510  -7.308  -7.274  -7.011  -6.118  -6.094  -5.908   4.840   5.227
   5.975   6.873   7.093   7.157   7.587   8.871   8.974   9.472   9.964  10.525
  10.610  12.307  13.847  15.237  15.408  16.482  18.068  18.827  19.866  22.709
  22.943  23.452
           -0.133333  0.230940  0.000000
 -18.823 -18.636  -7.164  -7.059  -7.028  -6.053  -5.918  -5.895   4.667   5.053
   5.797   6.926   7.165   7.422   7.432   8.756   8.848   9.323   9.793  10.412
  10.490  12.160  13.685  14.913  15.080  16.373  18.330  18.788  20.112  22.623
  23.076  23.642
           -0.126667  0.219393  0.000000
 -18.944 -18.756  -7.307  -6.812  -6.781  -6.191  -5.723  -5.701   4.502   4.887
   5.628   6.760   7.264   7.454   7.709   8.649   8.730   9.181   9.630  10.291
  10.364  12.018  13.530  14.597  14.760  16.261  18.349  19.011  20.358  22.566
  23.139  23.783
           -0.120000  0.207846  0.000000
 -19.060 -18.870  -7.444  -6.565  -6.536  -6.322  -5.532  -5.510   4.345   4.730
   5.467   6.601   7.114   7.736   7.978   8.554   8.619   9.046   9.475  10.164
  10.231  11.882  13.380  14.293  14.452  16.147  18.245  19.373  20.585  22.552
  23.147  23.870
           -0.113333  0.196299  0.000000
 -19.169 -18.979  -7.575  -6.448  -6.320  -6.290  -5.345  -5.325   4.197   4.581
   5.315   6.451   6.972   8.008   8.217   8.489   8.519   8.917   9.328  10.028
  10.089  11.751  13.238  14.003  14.160  16.034  18.121  19.767  20.771  22.601
  23.122  23.841
           -0.106667  0.184752  0.000000
 -19.273 -19.081  -7.698  -6.565  -6.076  -6.049  -5.165  -5.145   4.057   4.440
   5.172   6.310   6.838   8.248   8.299   8.449   8.582   8.797   9.188   9.884
   9.940  11.627  13.103  13.731  13.886  15.924  17.996  20.171  20.900  22.724
  23.081  23.753
           -0.100000  0.173205  0.000000
 -19.370 -19.177  -7.815  -6.677  -5.836  -5.810  -4.991  -4.972   3.925   4.308
   5.037   6.177   6.711   8.244   8.288   8.559   8.704   8.811   9.057   9.731
   9.783  11.509  12.976  13.478  13.631  15.817  17.876  20.576  20.968  22.923
  23.038  23.634
           -0.093333  0.161658  0.000000
 -19.461 -19.267  -7.924  -6.781  -5.600  -5.575  -4.824  -4.806   3.802   4.184
   4.911   6.052   6.593   8.176   8.218   8.551   8.843   8.935   9.050   9.569
   9.617  11.398  12.856  13.245  13.397  15.715  17.762  20.974  20.986  23.004
  23.176  23.491
           -0.086667  0.150111  0.000000
 -19.546 -19.350  -8.025  -6.879  -5.369  -5.345  -4.665  -4.647   3.688   4.069
   4.794   5.936   6.483   8.111   8.144   8.455   8.820   9.077   9.282   9.401
   9.446  11.294  12.744  13.035  13.185  15.618  17.655  20.970  21.353  22.991
  23.333  23.394
           -0.080000  0.138564  0.000000
 -19.624 -19.428  -8.120  -6.969  -5.144  -5.122  -4.514  -4.497   3.582   3.962
   4.685   5.829   6.381   8.050   8.075   8.362   8.713   9.218   9.264   9.314
   9.509  11.198  12.640  12.845  12.995  15.527  17.554  20.934  21.689  23.021
  23.168  23.335
           -0.073333  0.127017  0.000000
 -19.697 -19.500  -8.207  -7.053  -4.928  -4.907  -4.372  -4.356   3.484   3.864
   4.586   5.730   6.287   7.996   8.012   8.274   8.615   9.044   9.084   9.528
   9.721  11.108  12.544  12.678  12.826  15.442  17.461  20.887  21.948  22.990
  23.137  23.190
           -0.066667  0.115470  0.000000
 -19.763 -19.565  -8.286  -7.129  -4.721  -4.701  -4.240  -4.224   3.395   3.774
   4.494   5.640   6.202   7.948   7.956   8.193   8.525   8.864   8.903   9.733
   9.919  11.026  12.456  12.531  12.677  15.363  17.376  20.837  22.106  22.825
  23.034  23.340
           -0.060000  0.103923  0.000000
 -19.823 -19.624  -8.358  -7.199  -4.526  -4.506  -4.119  -4.103   3.314   3.693
   4.412   5.558   6.124   7.905   7.906   8.120   8.443   8.687   8.724   9.924
  10.103  10.952  12.376  12.403  12.548  15.292  17.298  20.785  22.175  22.665
  22.881  23.623
           -0.053333  0.092376  0.000000
 -19.876 -19.677  -8.423  -7.261  -4.343  -4.325  -4.008  -3.993   3.242   3.620
   4.338   5.485   6.055   7.863   7.869   8.053   8.369   8.516   8.552  10.098
  10.271  10.885  12.293  12.305  12.438  15.227  17.229  20.736  22.192  22.516
  22.735  23.940
           -0.046667  0.080829  0.000000
 -19.924 -19.724  -8.480  -7.316  -4.175  -4.158  -3.909  -3.895   3.179   3.556
   4.273   5.420   5.994   7.825   7.837   7.993   8.303   8.353   8.389  10.255
  10.423  10.826  12.200  12.241  12.344  15.170  17.167  20.690  22.180  22.385
  22.600  24.251
           -0.040000  0.069282  0.000000
 -19.965 -19.765  -8.529  -7.364  -4.025  -4.009  -3.822  -3.808   3.124   3.500
   4.217   5.364   5.941   7.795   7.811   7.940   8.204   8.240   8.246  10.394
  10.556  10.775  12.123  12.186  12.265  15.120  17.113  20.649  22.144  22.281
  22.478  24.526
           -0.033333  0.057735  0.000000
 -19.999 -19.799  -8.571  -7.404  -3.893  -3.878  -3.748  -3.734   3.077   3.453
   4.169   5.317   5.896   7.770   7.790   7.894   8.071   8.106   8.197  10.512
  10.670  10.732  12.059  12.139  12.201  15.078  17.068  20.613  22.080  22.219
  22.372  24.744
           -0.026667  0.046188  0.000000
 -20.028 -19.827  -8.605  -7.437  -3.782  -3.767  -3.687  -3.673   3.039   3.414
   4.130   5.278   5.859   7.751   7.773   7.856   7.958   7.993   8.157  10.609
  10.698  10.765  12.009  12.100  12.150  15.044  17.030  20.583  22.004  22.185
  22.283  24.896
           -0.020000  0.034641  0.000000
 -20.050 -19.849  -8.632  -7.463  -3.694  -3.680  -3.639  -3.625   3.009   3.384
   4.099   5.248   5.831   7.738   7.761   7.825   7.866   7.902   8.126  10.661
  10.696  10.840  11.970  12.069  12.112  15.016  17.001  20.559  21.938  22.164
  22.213  24.993
           -0.013333  0.023094  0.000000
 -20.066 -19.864  -8.651  -7.481  -3.630  -3.616  -3.604  -3.591   2.988   3.363
   4.078   5.227   5.810   7.730   7.752   7.798   7.802   7.835   8.103  10.646
  10.746  10.893  11.943  12.047  12.085  14.997  16.980  20.542  21.888  22.150
  22.162  25.049
           -0.006667  0.011547  0.000000
 -20.075 -19.874  -8.663  -7.492  -3.591  -3.584  -3.577  -3.570   2.975   3.350
   4.065   5.214   5.798   7.725   7.747   7.758   7.786   7.794   8.090  10.635
  10.779  10.926  11.928  12.034  12.070  14.985  16.968  20.531  21.858  22.131
  22.142  25.077
            0.000000  0.000000  0.000000
 -20.078 -19.877  -8.666  -7.496  -3.578  -3.576  -3.564  -3.563   2.971   3.346
   4.060   5.210   5.794   7.724   7.744   7.746   7.780   7.782   8.085  10.631
  10.790  10.936  11.922  12.030  12.065  14.982  16.963  20.528  21.848  22.121
  22.139  25.086
            0.000000  0.011547  0.000000
 -20.076 -19.875  -8.664  -7.493  -3.588  -3.581  -3.574  -3.568   2.974   3.349
   4.064   5.213   5.797   7.725   7.747   7.754   7.786   7.790   8.088  10.634
  10.782  10.928  11.926  12.033  12.068  14.984  16.967  20.530  21.855  22.128
  22.141  25.079
            0.000000  0.023094  0.000000
 -20.069 -19.868  -8.655  -7.485  -3.617  -3.603  -3.597  -3.583   2.983   3.359
   4.073   5.222   5.806   7.728   7.751   7.785   7.797   7.821   8.099  10.642
  10.757  10.904  11.938  12.043  12.080  14.993  16.976  20.538  21.878  22.148
  22.151  25.059
            0.000000  0.034641  0.000000
 -20.057 -19.856  -8.641  -7.471  -3.666  -3.651  -3.623  -3.608   2.999   3.375
   4.090   5.239   5.821   7.734   7.757   7.814   7.836   7.872   8.116  10.655
  10.717  10.864  11.958  12.059  12.100  15.008  16.992  20.551  21.916  22.158
  22.190  25.019
            0.000000  0.046188  0.000000
 -20.041 -19.840  -8.621  -7.452  -3.734  -3.718  -3.659  -3.643   3.022   3.397
   4.112   5.261   5.843   7.743   7.764   7.837   7.908   7.943   8.139  10.649
  10.686  10.808  11.986  12.083  12.128  15.028  17.014  20.569  21.967  22.173
  22.243  24.955
            0.000000  0.057735  0.000000
 -20.019 -19.818  -8.595  -7.427  -3.820  -3.802  -3.704  -3.688   3.050   3.426
   4.142   5.290   5.870   7.754   7.773   7.864   7.999   8.034   8.169  10.580
  10.708  10.737  12.024  12.112  12.166  15.054  17.042  20.592  22.029  22.194
  22.311  24.858
            0.000000  0.069282  0.000000
 -19.993 -19.793  -8.564  -7.397  -3.924  -3.904  -3.759  -3.741   3.085   3.461
   4.177   5.326   5.904   7.768   7.783   7.896   8.108   8.144   8.206  10.490
  10.649  10.740  12.069  12.148  12.212  15.086  17.076  20.619  22.094  22.228
  22.392  24.721
            0.000000  0.080829  0.000000
 -19.962 -19.762  -8.526  -7.361  -4.044  -4.023  -3.821  -3.802   3.127   3.503
   4.220   5.368   5.944   7.781   7.794   7.933   8.237   8.249   8.272  10.385
  10.548  10.778  12.125  12.190  12.268  15.123  17.116  20.651  22.148  22.287
  22.486  24.542
            0.000000  0.092376  0.000000
 -19.927 -19.727  -8.484  -7.320  -4.180  -4.157  -3.891  -3.871   3.174   3.551
   4.269   5.416   5.989   7.791   7.808   7.974   8.298   8.382   8.418  10.265
  10.433  10.823  12.189  12.239  12.334  15.167  17.163  20.687  22.180  22.376
  22.591  24.328
            0.000000  0.103923  0.000000
 -19.887 -19.687  -8.435  -7.273  -4.331  -4.306  -3.968  -3.947   3.229   3.606
   4.324   5.471   6.041   7.798   7.823   8.020   8.353   8.545   8.580  10.131
  10.304  10.873  12.260  12.295  12.411  15.215  17.215  20.727  22.196  22.488
  22.707  24.091
            0.000000  0.115470  0.000000
 -19.842 -19.643  -8.381  -7.221  -4.496  -4.468  -4.051  -4.029   3.289   3.667
   4.386   5.532   6.099   7.801   7.837   8.071   8.414   8.724   8.759   9.982
  10.162  10.929  12.335  12.365  12.498  15.270  17.274  20.770  22.197  22.613
  22.831  23.847
            0.000000  0.127017  0.000000
 -19.792 -19.594  -8.321  -7.163  -4.673  -4.642  -4.140  -4.116   3.356   3.734
   4.454   5.600   6.163   7.801   7.849   8.128   8.482   8.918   8.953   9.821
  10.008  10.991  12.407  12.453  12.596  15.329  17.338  20.815  22.176  22.748
  22.961  23.614
            0.000000  0.138564  0.000000
 -19.738 -19.540  -8.256  -7.100  -4.862  -4.829  -4.233  -4.208   3.429   3.808
   4.529   5.674   6.233   7.797   7.857   8.191   8.555   9.126   9.161   9.647
   9.842  11.059  12.481  12.554  12.704  15.394  17.409  20.863  22.121  22.889
  23.093  23.412
            0.000000  0.150111  0.000000
 -19.679 -19.482  -8.185  -7.032  -5.061  -5.025  -4.330  -4.304   3.509   3.888
   4.610   5.754   6.309   7.789   7.862   8.259   8.634   9.348   9.383   9.462
   9.666  11.133  12.560  12.666  12.822  15.465  17.485  20.910  22.017  23.031
  23.197  23.285
            0.000000  0.161658  0.000000
 -19.615 -19.419  -8.108  -6.959  -5.270  -5.232  -4.430  -4.404   3.594   3.975
   4.698   5.841   6.391   7.777   7.863   8.332   8.719   9.266   9.481   9.583
   9.618  11.212  12.645  12.786  12.951  15.540  17.567  20.956  21.859  23.137
  23.175  23.368
            0.000000  0.173205  0.000000
 -19.546 -19.351  -8.026  -6.880  -5.487  -5.447  -4.533  -4.506   3.687   4.068
   4.793   5.935   6.479   7.761   7.859   8.409   8.807   9.064   9.288   9.830
   9.864  11.298  12.735  12.914  13.088  15.621  17.655  20.995  21.658  23.094
  23.304  23.465
            0.000000  0.184752  0.000000
 -19.473 -19.279  -7.939  -6.796  -5.713  -5.669  -4.638  -4.610   3.785   4.167
   4.894   6.034   6.572   7.741   7.851   8.487   8.823   8.933   9.089  10.088
  10.122  11.389  12.831  13.049  13.235  15.707  17.748  21.019  21.437  23.081
  23.408  23.509
            0.000000  0.196299  0.000000
 -19.396 -19.202  -7.846  -6.707  -5.945  -5.899  -4.744  -4.715   3.890   4.272
   5.001   6.140   6.670   7.717   7.839   8.529   8.645   8.896   9.022  10.356
  10.390  11.485  12.933  13.189  13.390  15.797  17.847  20.982  21.249  23.087
  23.388  23.540
            0.000000  0.207846  0.000000
 -19.313 -19.121  -7.747  -6.612  -6.183  -6.134  -4.851  -4.821   4.001   4.384
   5.115   6.252   6.774   7.689   7.822   8.361   8.570   8.788   9.130  10.634
  10.668  11.587  13.041  13.334  13.553  15.892  17.951  20.806  21.180  23.096
  23.230  23.373
            0.000000  0.219393  0.000000
 -19.226 -19.035  -7.643  -6.513  -6.427  -6.375  -4.959  -4.928   4.119   4.502
   5.235   6.370   6.882   7.657   7.797   8.134   8.388   8.845   9.246  10.921
  10.955  11.695  13.155  13.482  13.721  15.992  18.060  20.561  21.157  23.038
  23.086  23.176
            0.000000  0.230940  0.000000
 -19.135 -18.945  -7.534  -6.676  -6.621  -6.408  -5.066  -5.035   4.242   4.626
   5.362   6.494   6.992   7.621   7.743   7.923   8.169   8.944   9.369  11.217
  11.250  11.808  13.274  13.633  13.896  16.095  18.174  20.302  21.122  22.851
  22.985  23.020
            0.000000  0.242487  0.000000
 -19.039 -18.850  -7.420  -6.928  -6.870  -6.299  -5.173  -5.141   4.372   4.756
   5.496   6.623   7.102   7.561   7.592   7.821   7.946   9.057   9.498  11.520
  11.553  11.927  13.399  13.785  14.075  16.203  18.291  20.043  21.053  22.686
  22.799  22.859
            0.000000  0.254034  0.000000
 -18.938 -18.750  -7.301  -7.183  -7.123  -6.185  -5.279  -5.246   4.509   4.893
   5.635   6.755   7.204   7.331   7.527   7.729   7.798   9.177   9.633  11.830
  11.862  12.051  13.530  13.936  14.257  16.314  18.412  19.790  20.943  22.544
  22.606  22.619
            0.000000  0.265581  0.000000
 -18.833 -18.646  -7.443  -7.379  -7.175  -6.066  -5.383  -5.350   4.651   5.034
   5.782   6.870   7.097   7.248   7.445   7.591   7.789   9.304   9.775  12.146
  12.178  12.180  13.665  14.085  14.441  16.428  18.533  19.547  20.791  22.273
  22.435  22.446
            0.000000  0.277128  0.000000
 -18.723 -18.538  -7.704  -7.637  -7.045  -5.942  -5.486  -5.452   4.800   5.181
   5.934   6.762   7.083   7.102   7.442   7.537   7.812   9.438   9.923  12.314
  12.468  12.500  13.807  14.230  14.626  16.544  18.645  19.323  20.601  21.916
  22.278  22.311
            0.000000  0.288675  0.000000
 -18.609 -18.425  -7.966  -7.897  -6.911  -5.814  -5.587  -5.553   4.954   5.331
   6.093   6.506   6.869   7.212   7.448   7.526   7.880   9.577  10.077  12.453
  12.795  12.826  13.952  14.368  14.811  16.661  18.714  19.152  20.383  21.541
  22.116  22.155
            0.000000  0.300222  0.000000
 -18.490 -18.307  -8.230  -8.158  -6.771  -5.686  -5.682  -5.651   5.115   5.481
   6.241   6.260   6.619   7.317   7.460   7.531   7.989   9.721  10.237  12.597
  13.126  13.157  14.102  14.499  14.992  16.780  18.654  19.123  20.144  21.160
  21.937  21.960
            0.000000  0.311769  0.000000
 -18.367 -18.186  -8.495  -8.420  -6.627  -5.782  -5.746  -5.545   5.281   5.604
   6.005   6.359   6.433   7.326   7.486   7.609   8.126   9.871  10.404  12.746
  13.461  13.490  14.255  14.620  15.168  16.897  18.482  19.215  19.892  20.781
  21.613  21.716
            0.000000  0.323316  0.000000
 -18.239 -18.060  -8.761  -8.683  -6.478  -5.875  -5.839  -5.405   5.447   5.564
   5.933   6.109   6.608   7.296   7.470   7.767   8.278  10.026  10.576  12.899
  13.798  13.827  14.409  14.730  15.336  17.011  18.282  19.344  19.634  20.406
  21.190  21.397
            0.000000  0.334863  0.000000
 -18.108 -17.929  -9.026  -8.946  -6.324  -5.965  -5.929  -5.260   5.315   5.634
   5.824   6.089   6.790   7.261   7.446   7.944   8.442  10.187  10.754  13.057
  14.136  14.165  14.557  14.831  15.491  17.118  18.079  19.346  19.512  20.039
  20.767  21.076
            0.000000  0.346410  0.000000
 -17.971 -17.795  -9.292  -9.208  -6.167  -6.053  -6.016  -5.112   5.044   5.552
   5.827   6.256   6.975   7.226   7.422   8.130   8.614  10.352  10.938  13.218
  14.476  14.504  14.688  14.931  15.627  17.210  17.885  19.094  19.630  19.702
  20.362  20.753
            0.000000  0.357957  0.000000
 -17.831 -17.656  -9.557  -9.471  -6.137  -6.100  -6.005  -4.961   4.765   5.289
   6.014   6.440   7.137   7.213   7.406   8.324   8.794  10.523  11.128  13.383
  14.778  14.816  14.843  15.051  15.736  17.264  17.722  18.844  19.312  19.803
  19.990  20.435
            0.000000  0.369504  0.000000
 -17.686 -17.513  -9.821  -9.732  -6.217  -6.180  -5.839  -4.807   4.483   5.022
   6.209   6.632   7.144   7.300   7.454   8.525   8.981  10.697  11.324  13.551
  14.814  15.155  15.181  15.196  15.809  17.225  17.643  18.612  18.953  19.616
  19.955  20.152
            0.000000  0.381051  0.000000
 -17.537 -17.365 -10.084  -9.992  -6.294  -6.256  -5.669  -4.650   4.201   4.756
   6.408   6.823   7.124   7.306   7.629   8.732   9.173  10.877  11.526  13.721
  14.803  15.353  15.491  15.517  15.836  17.082  17.657  18.400  18.595  19.302
  19.791  20.171
            0.000000  0.392598  0.000000
 -17.384 -17.214 -10.345 -10.251  -6.367  -6.329  -5.497  -4.491   3.921   4.490
   6.610   6.976   7.149   7.289   7.838   8.947   9.371  11.061  11.733  13.892
  14.752  15.500  15.815  15.825  15.850  16.895  17.695  18.152  18.302  19.020
  19.524  20.305
            0.000000  0.404145  0.000000
 -17.227 -17.059 -10.605 -10.509  -6.436  -6.398  -5.321  -4.330   3.644   4.226
   6.803   7.013   7.263   7.318   8.058   9.167   9.575  11.249  11.945  14.061
  14.664  15.572  15.801  16.154  16.178  16.704  17.700  17.804  18.159  18.768
  19.281  20.377
            0.000000  0.415692  0.000000
 -17.066 -16.900 -10.863 -10.764  -6.501  -6.463  -5.142  -4.169   3.372   3.965
   6.925   7.055   7.281   7.521   8.287   9.394   9.784  11.441  12.162  14.221
  14.546  15.476  15.862  16.477  16.500  16.545  17.422  17.621  18.124  18.538
  19.078  20.244
            0.000000  0.427239  0.000000
 -16.901 -16.737 -11.119 -11.017  -6.562  -6.524  -4.962  -4.007   3.105   3.707
   6.928   7.124   7.386   7.746   8.523   9.627   9.998  11.636  12.384  14.306
  14.458  15.300  15.867  16.478  16.792  16.814  17.061  17.423  18.173  18.313
  18.918  20.039
            0.000000  0.438786  0.000000
 -16.732 -16.570 -11.372 -11.268  -6.619  -6.580  -4.780  -3.846   2.844   3.453
   6.908   7.130   7.582   7.980   8.765   9.866  10.216  11.834  12.611  14.159
  14.533  15.108  15.757  16.471  16.775  17.098  17.119  17.163  18.077  18.261
  18.793  19.846
            0.000000  0.450333  0.000000
 -16.560 -16.400 -11.622 -11.516  -6.671  -6.633  -4.598  -3.688   2.592   3.205
   6.884   7.117   7.809   8.220   9.014  10.111  10.438  12.035  12.840  13.947
  14.532  14.985  15.598  16.240  16.789  16.873  17.393  17.412  17.835  18.335
  18.701  19.672
            0.000000  0.461880  0.000000
 -16.385 -16.227 -11.870 -11.761  -6.720  -6.681  -4.415  -3.533   2.349   2.963
   6.861   7.101   8.048   8.467   9.270  10.362  10.664  12.238  13.070  13.708
  14.358  14.963  15.457  15.922  16.565  16.923  17.606  17.674  17.692  18.325
  18.689  19.510
            0.000000  0.473427  0.000000
 -16.206 -16.051 -12.113 -12.003  -6.763  -6.724  -4.234  -3.383   2.119   2.729
   6.839   7.083   8.296   8.721   9.532  10.620  10.893  12.440  13.282  13.465
  14.106  14.882  15.368  15.663  16.261  16.989  17.464  17.940  17.956  18.199
  18.770  19.353
            0.000000  0.484974  0.000000
 -16.025 -15.873 -12.352 -12.240  -6.803  -6.763  -4.056  -3.241   1.902   2.504
   6.818   7.067   8.550   8.980   9.800  10.882  11.124  12.637  13.153  13.532
  13.846  14.694  15.183  15.580  16.002  16.860  17.526  18.016  18.188  18.203
  18.878  19.200
            0.000000  0.496521  0.000000
 -15.842 -15.693 -12.586 -12.473  -6.838  -6.798  -3.883  -3.110   1.703   2.291
   6.800   7.052   8.811   9.244  10.074  11.151  11.356  12.809  12.878  13.516
  13.806  14.450  14.944  15.440  15.932  16.637  17.693  17.803  18.416  18.429
  18.912  19.125
            0.000000  0.508068  0.000000
 -15.658 -15.512 -12.814 -12.700  -6.868  -6.828  -3.716  -2.991   1.523   2.091
   6.784   7.038   9.077   9.514  10.355  11.424  11.587  12.579  12.905  13.349
  13.931  14.216  14.746  15.163  16.002  16.422  17.574  17.881  18.621  18.632
  18.781  19.217
            0.000000  0.519615  0.000000
 -15.474 -15.333 -13.034 -12.920  -6.893  -6.854  -3.560  -2.888   1.368   1.908
   6.771   7.027   9.349   9.789  10.641  11.701  11.813  12.282  12.766  13.383
  13.783  14.162  14.662  14.858  15.972  16.347  17.343  18.047  18.633  18.800
  18.809  19.349
            0.000000  0.531162  0.000000
 -15.292 -15.158 -13.242 -13.131  -6.915  -6.875  -3.418  -2.805   1.238   1.746
   6.760   7.017   9.625  10.069  10.933  11.946  12.014  12.016  12.535  13.398
  13.604  14.080  14.555  14.763  15.786  16.425  17.134  18.112  18.578  18.950
  18.958  19.483
            0.000000  0.542709  0.000000
 -15.119 -14.993 -13.433 -13.327  -6.931  -6.891  -3.295  -2.742   1.138   1.610
   6.751   7.009   9.906  10.353  11.230  11.677  12.040  12.273  12.444  13.123
  13.636  13.962  14.308  14.927  15.596  16.456  17.017  18.012  18.684  19.070
  19.078  19.599
            0.000000  0.554256  0.000000
 -14.962 -14.850 -13.594 -13.500  -6.943  -6.903  -3.197  -2.701   1.068   1.505
   6.745   7.004  10.192  10.640  11.377  11.531  11.820  12.535  12.605  12.817
  13.548  13.790  14.262  15.008  15.522  16.330  17.067  17.841  18.858  19.157
  19.165  19.573
            0.000000  0.565803  0.000000
 -14.841 -14.750 -13.705 -13.632  -6.950  -6.910  -3.134  -2.679   1.027   1.438
   6.741   7.001  10.479  10.921  11.091  11.522  11.853  12.469  12.766  12.860
  13.396  13.536  14.383  14.920  15.651  16.117  17.204  17.663  19.041  19.210
  19.218  19.427
            0.000000  0.577350  0.000000
 -14.792 -14.715 -13.743 -13.685  -6.952  -6.912  -3.111  -2.673   1.014   1.415
   6.740   7.000  10.732  10.815  11.198  11.269  12.158  12.163  12.854  13.037
  13.303  13.366  14.469  14.839  15.826  15.926  17.301  17.556  19.171  19.228
  19.236  19.309
           -0.006667  0.577350  0.000000
 -14.791 -14.714 -13.742 -13.685  -6.956  -6.916  -3.110  -2.672   1.014   1.415
   6.744   7.004  10.733  10.816  11.198  11.270  12.159  12.164  12.853  13.037
  13.304  13.367  14.468  14.838  15.826  15.927  17.299  17.551  19.127  19.214
  19.279  19.315
           -0.013333  0.577350  0.000000
 -14.789 -14.712 -13.740 -13.683  -6.966  -6.926  -3.108  -2.669   1.013   1.414
   6.759   7.019  10.735  10.819  11.199  11.272  12.162  12.167  12.851  13.037
  13.307  13.370  14.467  14.835  15.828  15.929  17.295  17.535  19.059  19.182
  19.323  19.343
           -0.020000  0.577350  0.000000
 -14.786 -14.709 -13.737 -13.679  -6.984  -6.944  -3.103  -2.664   1.013   1.412
   6.782   7.043  10.740  10.823  11.201  11.276  12.166  12.172  12.846  13.036
  13.312  13.374  14.464  14.830  15.831  15.933  17.288  17.509  18.989  19.141
  19.321  19.407
           -0.026667  0.577350  0.000000
 -14.781 -14.704 -13.732 -13.675  -7.009  -6.968  -3.096  -2.658   1.012   1.409
   6.815   7.076  10.746  10.830  11.203  11.281  12.173  12.179  12.840  13.036
  13.319  13.381  14.461  14.823  15.835  15.938  17.279  17.474  18.918  19.095
  19.305  19.469
           -0.033333  0.577350  0.000000
 -14.775 -14.698 -13.726 -13.669  -7.041  -6.999  -3.087  -2.649   1.011   1.405
   6.857   7.119  10.753  10.838  11.205  11.287  12.181  12.188  12.832  13.034
  13.328  13.389  14.458  14.814  15.840  15.944  17.267  17.430  18.847  19.045
  19.278  19.529
           -0.040000  0.577350  0.000000
 -14.768 -14.691 -13.719 -13.661  -7.079  -7.037  -3.077  -2.639   1.010   1.400
   6.908   7.171  10.763  10.848  11.208  11.295  12.190  12.199  12.822  13.033
  13.339  13.398  14.454  14.803  15.846  15.952  17.252  17.378  18.776  18.993
  19.246  19.587
           -0.046667  0.577350  0.000000
 -14.759 -14.682 -13.710 -13.653  -7.124  -7.081  -3.064  -2.626   1.009   1.395
   6.968   7.231  10.774  10.860  11.212  11.304  12.202  12.212  12.810  13.031
  13.352  13.410  14.449  14.790  15.854  15.961  17.236  17.321  18.706  18.940
  19.215  19.642
           -0.053333  0.577350  0.000000
 -14.749 -14.672 -13.700 -13.643  -7.175  -7.132  -3.050  -2.612   1.008   1.389
   7.037   7.301  10.786  10.873  11.215  11.315  12.214  12.227  12.796  13.028
  13.367  13.424  14.445  14.775  15.862  15.972  17.217  17.260  18.637  18.888
  19.188  19.693
           -0.060000  0.577350  0.000000
 -14.737 -14.661 -13.689 -13.632  -7.233  -7.188  -3.034  -2.596   1.006   1.381
   7.114   7.379  10.801  10.888  11.218  11.326  12.228  12.244  12.780  13.024
  13.384  13.439  14.441  14.758  15.873  15.983  17.196  17.197  18.569  18.836
  19.167  19.741
           -0.066667  0.577350  0.000000
 -14.724 -14.648 -13.676 -13.619  -7.296  -7.250  -3.016  -2.578   1.003   1.373
   7.199   7.466  10.817  10.905  11.221  11.338  12.243  12.263  12.763  13.019
  13.403  13.457  14.437  14.739  15.884  15.996  17.132  17.175  18.503  18.785
  19.150  19.777
           -0.073333  0.577350  0.000000
 -14.710 -14.634 -13.662 -13.606  -7.365  -7.318  -2.995  -2.558   1.001   1.363
   7.292   7.560  10.834  10.924  11.224  11.351  12.259  12.284  12.744  13.014
  13.424  13.476  14.434  14.719  15.897  16.010  17.068  17.153  18.439  18.736
  19.140  19.802
           -0.080000  0.577350  0.000000
 -14.695 -14.618 -13.647 -13.591  -7.440  -7.391  -2.973  -2.536   0.998   1.352
   7.392   7.662  10.853  10.945  11.225  11.365  12.275  12.306  12.725  13.007
  13.447  13.497  14.432  14.698  15.912  16.025  17.007  17.129  18.377  18.688
  19.135  19.826
           -0.086667  0.577350  0.000000
 -14.678 -14.602 -13.630 -13.574  -7.519  -7.470  -2.950  -2.513   0.994   1.340
   7.500   7.772  10.874  10.967  11.226  11.378  12.290  12.331  12.706  12.999
  13.472  13.520  14.431  14.676  15.928  16.040  16.949  17.104  18.319  18.642
  19.135  19.850
           -0.093333  0.577350  0.000000
 -14.660 -14.583 -13.613 -13.557  -7.604  -7.553  -2.924  -2.487   0.990   1.327
   7.614   7.889  10.896  10.991  11.225  11.391  12.304  12.357  12.688  12.990
  13.499  13.545  14.432  14.654  15.945  16.057  16.895  17.080  18.264  18.597
  19.139  19.872
           -0.100000  0.577350  0.000000
 -14.640 -14.564 -13.594 -13.538  -7.692  -7.640  -2.896  -2.460   0.985   1.313
   7.735   8.013  10.920  11.016  11.223  11.403  12.315  12.385  12.674  12.981
  13.528  13.572  14.434  14.633  15.965  16.073  16.845  17.055  18.213  18.554
  19.148  19.893
           -0.106667  0.577350  0.000000
 -14.619 -14.543 -13.574 -13.518  -7.786  -7.732  -2.866  -2.430   0.980   1.297
   7.862   8.143  10.944  11.044  11.219  11.414  12.322  12.415  12.665  12.971
  13.559  13.601  14.439  14.614  15.986  16.090  16.799  17.030  18.165  18.512
  19.161  19.913
           -0.113333  0.577350  0.000000
 -14.597 -14.521 -13.552 -13.497  -7.883  -7.828  -2.835  -2.399   0.973   1.279
   7.995   8.279  10.970  11.072  11.213  11.423  12.324  12.446  12.664  12.961
  13.592  13.632  14.446  14.596  16.009  16.107  16.759  17.006  18.122  18.473
  19.178  19.930
           -0.120000  0.577350  0.000000
 -14.573 -14.498 -13.530 -13.475  -7.984  -7.927  -2.801  -2.366   0.966   1.260
   8.133   8.422  10.997  11.103  11.204  11.429  12.321  12.479  12.670  12.952
  13.627  13.665  14.455  14.580  16.033  16.123  16.722  16.983  18.083  18.436
  19.198  19.944
           -0.126667  0.577350  0.000000
 -14.548 -14.473 -13.506 -13.452  -8.088  -8.030  -2.766  -2.331   0.958   1.238
   8.276   8.569  11.023  11.134  11.194  11.431  12.314  12.513  12.686  12.945
  13.663  13.699  14.466  14.568  16.060  16.138  16.690  16.961  18.049  18.401
  19.220  19.951
           -0.133333  0.577350  0.000000
 -14.522 -14.447 -13.481 -13.428  -8.195  -8.136  -2.729  -2.295   0.949   1.216
   8.423   8.722  11.048  11.168  11.183  11.428  12.305  12.548  12.709  12.940
  13.702  13.736  14.480  14.559  16.088  16.151  16.661  16.941  18.020  18.369
  19.246  19.945
           -0.140000  0.577350  0.000000
 -14.494 -14.419 -13.455 -13.402  -8.305  -8.245  -2.690  -2.256   0.938   1.191
   8.575   8.880  11.066  11.175  11.202  11.419  12.297  12.583  12.738  12.938
  13.743  13.774  14.496  14.553  16.118  16.162  16.636  16.923  17.996  18.340
  19.274  19.931
           -0.146667  0.577350  0.000000
 -14.465 -14.390 -13.429 -13.376  -8.418  -8.356  -2.649  -2.216   0.927   1.164
   8.730   9.042  11.070  11.180  11.237  11.404  12.293  12.620  12.772  12.941
  13.785  13.814  14.515  14.551  16.149  16.170  16.614  16.909  17.976  18.314
  19.304  19.908
           -0.153333  0.577350  0.000000
 -14.435 -14.360 -13.401 -13.349  -8.533  -8.469  -2.606  -2.173   0.914   1.135
   8.888   9.207  11.056  11.199  11.270  11.385  12.294  12.656  12.811  12.948
  13.830  13.856  14.536  14.553  16.175  16.182  16.595  16.899  17.962  18.291
  19.335  19.870
           -0.160000  0.577350  0.000000
 -14.403 -14.329 -13.372 -13.320  -8.650  -8.585  -2.561  -2.129   0.900   1.104
   9.049   9.376  11.031  11.228  11.294  11.370  12.301  12.692  12.854  12.963
  13.876  13.900  14.558  14.559  16.175  16.217  16.578  16.894  17.952  18.271
  19.368  19.814
           -0.166667  0.577350  0.000000
 -14.370 -14.296 -13.342 -13.291  -8.768  -8.702  -2.515  -2.083   0.884   1.070
   9.212   9.548  10.999  11.262  11.286  11.381  12.315  12.728  12.901  12.983
  13.923  13.945  14.567  14.584  16.171  16.252  16.564  16.894  17.946  18.255
  19.399  19.736
           -0.173333  0.577350  0.000000
 -14.336 -14.262 -13.312 -13.262  -8.888  -8.821  -2.466  -2.035   0.867   1.034
   9.376   9.722  10.962  11.252  11.299  11.415  12.335  12.764  12.950  13.011
  13.973  13.992  14.580  14.610  16.162  16.288  16.553  16.899  17.944  18.242
  19.424  19.632
           -0.180000  0.577350  0.000000
 -14.300 -14.226 -13.280 -13.231  -9.009  -8.941  -2.416  -1.986   0.848   0.996
   9.540   9.896  10.924  11.210  11.338  11.456  12.362  12.800  13.002  13.045
  14.024  14.041  14.595  14.639  16.149  16.323  16.544  16.909  17.946  18.232
  19.404  19.504
           -0.186667  0.577350  0.000000
 -14.263 -14.190 -13.249 -13.201  -9.131  -9.062  -2.364  -1.934   0.827   0.955
   9.703  10.070  10.885  11.165  11.378  11.500  12.394  12.836  13.056  13.085
  14.076  14.091  14.613  14.669  16.133  16.357  16.540  16.923  17.950  18.223
  19.244  19.356
           -0.193333  0.577350  0.000000
 -14.225 -14.152 -13.216 -13.169  -9.254  -9.183  -2.310  -1.881   0.804   0.911
   9.862  10.238  10.849  11.124  11.419  11.545  12.431  12.874  13.113  13.130
  14.130  14.142  14.634  14.700  16.114  16.385  16.544  16.942  17.955  18.216
  19.032  19.194
           -0.200000  0.577350  0.000000
 -14.185 -14.112 -13.183 -13.138  -9.377  -9.305  -2.254  -1.826   0.779   0.864
  10.013  10.396  10.819  11.093  11.462  11.592  12.473  12.914  13.172  13.179
  14.184  14.195  14.658  14.732  16.092  16.405  16.558  16.963  17.960  18.205
  18.818  19.025
           -0.206667  0.577350  0.000000
 -14.144 -14.071 -13.150 -13.106  -9.499  -9.427  -2.197  -1.769   0.752   0.815
  10.150  10.527  10.802  11.087  11.506  11.641  12.519  12.955  13.233  13.234
  14.240  14.250  14.683  14.765  16.070  16.416  16.583  16.986  17.961  18.181
  18.620  18.857
           -0.213333  0.577350  0.000000
 -14.101 -14.029 -13.117 -13.074  -9.622  -9.549  -2.137  -1.711   0.723   0.763
  10.260  10.610  10.811  11.130  11.551  11.691  12.569  12.999  13.290  13.298
  14.297  14.305  14.710  14.799  16.048  16.419  16.618  17.009  17.953  18.117
  18.469  18.698
           -0.220000  0.577350  0.000000
 -14.058 -13.986 -13.084 -13.043  -9.743  -9.670  -2.076  -1.651   0.692   0.707
  10.329  10.634  10.861  11.232  11.596  11.743  12.623  13.046  13.350  13.363
  14.354  14.361  14.739  14.833  16.027  16.418  16.658  17.030  17.926  17.982
  18.394  18.560
           -0.226667  0.577350  0.000000
 -14.013 -13.941 -13.052 -13.013  -9.863  -9.791  -2.013  -1.589   0.649   0.658
  10.354  10.618  10.952  11.372  11.643  11.799  12.679  13.095  13.413  13.431
  14.411  14.419  14.770  14.866  16.008  16.415  16.700  17.044  17.801  17.872
  18.371  18.459
           -0.233333  0.577350  0.000000
 -13.966 -13.895 -13.020 -12.983  -9.982  -9.910  -1.949  -1.525   0.588   0.622
  10.349  10.582  11.071  11.528  11.692  11.859  12.739  13.147  13.477  13.501
  14.467  14.477  14.802  14.901  15.991  16.411  16.742  17.046  17.607  17.790
  18.368  18.400
           -0.240000  0.577350  0.000000
 -13.918 -13.848 -12.989 -12.955 -10.099 -10.027  -1.882  -1.460   0.524   0.584
  10.328  10.538  11.203  11.682  11.742  11.930  12.802  13.201  13.544  13.572
  14.523  14.535  14.835  14.935  15.978  16.407  16.777  17.025  17.418  17.697
  18.325  18.375
           -0.246667  0.577350  0.000000
 -13.869 -13.799 -12.959 -12.928 -10.213 -10.141  -1.814  -1.393   0.457   0.542
  10.300  10.491  11.336  11.794  11.813  12.027  12.868  13.258  13.613  13.646
  14.576  14.593  14.869  14.969  15.969  16.403  16.795  16.970  17.250  17.618
  18.115  18.368
           -0.253333  0.577350  0.000000
 -13.819 -13.749 -12.932 -12.904 -10.323 -10.253  -1.745  -1.324   0.387   0.499
  10.270  10.444  11.464  11.851  11.908  12.159  12.939  13.316  13.684  13.721
  14.626  14.651  14.905  15.005  15.965  16.394  16.767  16.875  17.134  17.569
  17.890  18.366
           -0.260000  0.577350  0.000000
 -13.767 -13.698 -12.907 -12.883 -10.429 -10.362  -1.673  -1.254   0.314   0.453
  10.240  10.398  11.581  11.914  11.979  12.311  13.014  13.377  13.756  13.798
  14.672  14.708  14.942  15.042  15.964  16.374  16.677  16.748  17.094  17.546
  17.673  18.352
           -0.266667  0.577350  0.000000
 -13.714 -13.645 -12.885 -12.866 -10.530 -10.465  -1.600  -1.182   0.238   0.404
  10.211  10.353  11.683  11.986  12.037  12.466  13.096  13.439  13.829  13.876
  14.713  14.763  14.981  15.081  15.965  16.319  16.577  16.604  17.093  17.474
  17.539  18.305
           -0.273333  0.577350  0.000000
 -13.660 -13.591 -12.867 -12.854 -10.625 -10.564  -1.526  -1.110   0.160   0.353
  10.184  10.312  11.767  12.065  12.091  12.614  13.187  13.502  13.903  13.955
  14.749  14.816  15.022  15.121  15.963  16.202  16.459  16.523  17.061  17.334
  17.533  18.218
           -0.280000  0.577350  0.000000
 -13.605 -13.536 -12.854 -12.847 -10.713 -10.656  -1.451  -1.036   0.079   0.300
  10.161  10.273  11.835  12.141  12.149  12.749  13.287  13.566  13.978  14.036
  14.780  14.866  15.065  15.162  15.947  16.047  16.332  16.499  16.942  17.302
  17.514  18.112
           -0.286667  0.577350  0.000000
 -13.548 -13.479 -12.847 -12.847 -10.793 -10.741  -1.374  -0.961  -0.004   0.245
  10.140  10.238  11.890  12.189  12.231  12.866  13.399  13.630  14.053  14.117
  14.807  14.914  15.109  15.198  15.883  15.900  16.249  16.468  16.798  17.328
  17.465  18.022
           -0.293333  0.577350  0.000000
 -13.490 -13.421 -12.855 -12.847 -10.863 -10.818  -1.296  -0.886  -0.088   0.188
  10.123  10.207  11.936  12.234  12.306  12.964  13.520  13.694  14.129  14.198
  14.832  14.958  15.150  15.224  15.721  15.822  16.221  16.386  16.706  17.367
  17.375  17.970
           -0.300000  0.577350  0.000000
 -13.430 -13.362 -12.872 -12.855 -10.923 -10.884  -1.219  -0.810  -0.174   0.130
  10.110  10.179  11.975  12.276  12.370  13.044  13.645  13.756  14.205  14.280
  14.854  15.002  15.180  15.226  15.571  15.744  16.227  16.246  16.682  17.252
  17.405  17.953
           -0.306667  0.577350  0.000000
 -13.370 -13.302 -12.898 -12.872 -10.972 -10.941  -1.142  -0.736  -0.261   0.072
  10.100  10.155  12.007  12.316  12.418  13.109  13.767  13.817  14.280  14.361
  14.874  15.044  15.174  15.196  15.455  15.701  16.089  16.248  16.690  17.115
  17.435  17.959
           -0.313333  0.577350  0.000000
 -13.308 -13.241 -12.935 -12.898 -11.008 -10.985  -1.067  -0.665  -0.345   0.016
  10.094  10.135  12.035  12.353  12.450  13.159  13.873  13.876  14.355  14.442
  14.886  15.079  15.105  15.146  15.402  15.696  15.941  16.273  16.709  16.981
  17.452  17.976
           -0.320000  0.577350  0.000000
 -13.246 -13.179 -12.980 -12.935 -11.033 -11.018  -0.999  -0.600  -0.424  -0.034
  10.092  10.119  12.056  12.387  12.465  13.195  13.925  13.960  14.429  14.524
  14.876  14.967  15.114  15.129  15.383  15.713  15.824  16.292  16.731  16.868
  17.454  17.998
           -0.326667  0.577350  0.000000
 -13.185 -13.118 -13.034 -12.979 -11.046 -11.039  -0.946  -0.549  -0.488  -0.072
  10.093  10.107  12.070  12.417  12.462  13.217  13.969  14.007  14.499  14.607
  14.822  14.850  15.122  15.160  15.356  15.733  15.757  16.299  16.749  16.791
  17.448  18.021
           -0.333333  0.577350  0.000000
 -13.144 -13.075 -13.075 -13.013 -11.048 -11.048  -0.925  -0.522  -0.522  -0.088
  10.098  10.098  12.075  12.443  12.444  13.225  14.003  14.004  14.544  14.692
  14.692  14.836  15.154  15.154  15.335  15.740  15.740  16.298  16.761  16.761
  17.444  18.041
